EV = zeros(2, 288, 3);
EV(:,   1, :) = [    68.161   -99.000   -99.000;    68.161   -99.000   -99.000;];
EV(:,   2, :) = [    69.009   -99.000   -99.000;    69.009   -99.000   -99.000;];
EV(:,   3, :) = [    69.831   -99.000   -99.000;    69.831   -99.000   -99.000;];
EV(:,   4, :) = [    70.624   -99.000   -99.000;    70.624   -99.000   -99.000;];
EV(:,   5, :) = [    71.385   -99.000   -99.000;    71.385   -99.000   -99.000;];
EV(:,   6, :) = [    72.112   -99.000   -99.000;    72.112   -99.000   -99.000;];
EV(:,   7, :) = [    72.802   -99.000   -99.000;    72.802   -99.000   -99.000;];
EV(:,   8, :) = [    73.452   -99.000   -99.000;    73.452   -99.000   -99.000;];
EV(:,   9, :) = [    74.060   -99.000   -99.000;    74.060   -99.000   -99.000;];
EV(:,  10, :) = [    74.622   -99.000   -99.000;    74.622   -99.000   -99.000;];
EV(:,  11, :) = [    75.136   -99.000   -99.000;    75.136   -99.000   -99.000;];
EV(:,  12, :) = [    75.601   -99.000   -99.000;    75.601   -99.000   -99.000;];
EV(:,  13, :) = [    76.014   -99.000   -99.000;    76.014   -99.000   -99.000;];
EV(:,  14, :) = [    76.373   -99.000   -99.000;    76.373   -99.000   -99.000;];
EV(:,  15, :) = [    76.676   -99.000   -99.000;    76.676   -99.000   -99.000;];
EV(:,  16, :) = [    76.922   -99.000   -99.000;    76.922   -99.000   -99.000;];
EV(:,  17, :) = [    77.109   -99.000   -99.000;    77.109   -99.000   -99.000;];
EV(:,  18, :) = [    77.237   -99.000   -99.000;    77.237   -99.000   -99.000;];
EV(:,  19, :) = [    77.306   -99.000   -99.000;    77.306   -99.000   -99.000;];
EV(:,  20, :) = [    77.313   -99.000   -99.000;    77.313   -99.000   -99.000;];
EV(:,  21, :) = [    77.261   -99.000   -99.000;    77.261   -99.000   -99.000;];
EV(:,  22, :) = [    77.148   -99.000   -99.000;    77.148   -99.000   -99.000;];
EV(:,  23, :) = [    76.975   -99.000   -99.000;    76.975   -99.000   -99.000;];
EV(:,  24, :) = [    76.744   -99.000   -99.000;    76.744   -99.000   -99.000;];
EV(:,  25, :) = [    76.455   -99.000   -99.000;    76.455   -99.000   -99.000;];
EV(:,  26, :) = [    76.109   -99.000   -99.000;    76.109   -99.000   -99.000;];
EV(:,  27, :) = [    75.708   -99.000   -99.000;    75.708   -99.000   -99.000;];
EV(:,  28, :) = [    75.254   -99.000   -99.000;    75.254   -99.000   -99.000;];
EV(:,  29, :) = [    74.749   -99.000   -99.000;    74.749   -99.000   -99.000;];
EV(:,  30, :) = [    74.195   -99.000   -99.000;    74.195   -99.000   -99.000;];
EV(:,  31, :) = [    73.595   -99.000   -99.000;    73.595   -99.000   -99.000;];
EV(:,  32, :) = [    72.950   -99.000   -99.000;    72.950   -99.000   -99.000;];
EV(:,  33, :) = [    72.265   -99.000   -99.000;    72.265   -99.000   -99.000;];
EV(:,  34, :) = [    71.541   -99.000   -99.000;    71.541   -99.000   -99.000;];
EV(:,  35, :) = [    70.782   -99.000   -99.000;    70.782   -99.000   -99.000;];
EV(:,  36, :) = [    69.990   -99.000   -99.000;    69.990   -99.000   -99.000;];
EV(:,  37, :) = [    69.168    69.745   -99.000;    69.168    69.745   -99.000;];
EV(:,  38, :) = [    68.319    68.755   -99.000;    68.319    68.755   -99.000;];
EV(:,  39, :) = [    67.446    68.225   -99.000;    67.446    68.225   -99.000;];
EV(:,  40, :) = [    66.552    67.912   -99.000;    66.552    67.912   -99.000;];
EV(:,  41, :) = [    65.639    67.729   -99.000;    65.639    67.729   -99.000;];
EV(:,  42, :) = [    64.711    67.632   -99.000;    64.711    67.632   -99.000;];
EV(:,  43, :) = [    63.770    67.596   -99.000;    63.770    67.596   -99.000;];
EV(:,  44, :) = [    62.818    67.604   -99.000;    62.818    67.604   -99.000;];
EV(:,  45, :) = [    61.857    67.646   -99.000;    61.857    67.646   -99.000;];
EV(:,  46, :) = [    60.891    67.715   -99.000;    60.891    67.715   -99.000;];
EV(:,  47, :) = [    59.921    67.804   -99.000;    59.921    67.804   -99.000;];
EV(:,  48, :) = [    58.950    67.911   -99.000;    58.950    67.911   -99.000;];
EV(:,  49, :) = [    57.978    68.031   -99.000;    57.978    68.031   -99.000;];
EV(:,  50, :) = [    57.009    68.163   -99.000;    57.009    68.163   -99.000;];
EV(:,  51, :) = [    56.043    68.305   -99.000;    56.043    68.305   -99.000;];
EV(:,  52, :) = [    55.082    68.456   -99.000;    55.082    68.456   -99.000;];
EV(:,  53, :) = [    54.128    68.615   -99.000;    54.128    68.615   -99.000;];
EV(:,  54, :) = [    53.182    68.781   -99.000;    53.182    68.781   -99.000;];
EV(:,  55, :) = [    52.245    68.954   -99.000;    52.245    68.954   -99.000;];
EV(:,  56, :) = [    51.317    69.133   -99.000;    51.317    69.133   -99.000;];
EV(:,  57, :) = [    50.401    69.319   -99.000;    50.401    69.319   -99.000;];
EV(:,  58, :) = [    49.496    69.512   -99.000;    49.496    69.512   -99.000;];
EV(:,  59, :) = [    48.604    69.712   -99.000;    48.604    69.712   -99.000;];
EV(:,  60, :) = [    47.725    69.920   -99.000;    47.725    69.920   -99.000;];
EV(:,  61, :) = [    46.860    70.136   -99.000;    46.860    70.136   -99.000;];
EV(:,  62, :) = [    46.009    70.361   -99.000;    46.009    70.361   -99.000;];
EV(:,  63, :) = [    45.172    70.598   -99.000;    45.172    70.598   -99.000;];
EV(:,  64, :) = [    44.350    70.843   -99.000;    44.350    70.843   -99.000;];
EV(:,  65, :) = [    43.544    71.103   -99.000;    43.544    71.103   -99.000;];
EV(:,  66, :) = [    42.752    71.382   -99.000;    42.752    71.382   -99.000;];
EV(:,  67, :) = [    41.976    71.660   -99.000;    41.976    71.660   -99.000;];
EV(:,  68, :) = [    41.216    71.965   -99.000;    41.216    71.965   -99.000;];
EV(:,  69, :) = [    40.471    72.292   -99.000;    40.471    72.292   -99.000;];
EV(:,  70, :) = [    39.741    72.605   -99.000;    39.741    72.605   -99.000;];
EV(:,  71, :) = [    39.027    72.960   -99.000;    39.027    72.960   -99.000;];
EV(:,  72, :) = [    38.328    73.326   -99.000;    38.328    73.326   -99.000;];
EV(:,  73, :) = [    37.645    73.670   -99.000;    37.645    73.670   -99.000;];
EV(:,  74, :) = [    36.977    74.061   -99.000;    36.977    74.061   -99.000;];
EV(:,  75, :) = [    36.323    74.453   -99.000;    36.323    74.453   -99.000;];
EV(:,  76, :) = [    35.685    74.835   -99.000;    35.685    74.835   -99.000;];
EV(:,  77, :) = [    35.061    75.273   -99.000;    35.061    75.273   -99.000;];
EV(:,  78, :) = [    34.452    75.666   -99.000;    34.452    75.666   -99.000;];
EV(:,  79, :) = [    33.857    76.137   -99.000;    33.857    76.137   -99.000;];
EV(:,  80, :) = [    33.275    76.606   -99.000;    33.275    76.606   -99.000;];
EV(:,  81, :) = [    32.708    77.079   -99.000;    32.708    77.079   -99.000;];
EV(:,  82, :) = [    32.154    77.535   -99.000;    32.154    77.535   -99.000;];
EV(:,  83, :) = [    31.613    78.166   -99.000;    31.613    78.166   -99.000;];
EV(:,  84, :) = [    31.085    78.643   -99.000;    31.085    78.643   -99.000;];
EV(:,  85, :) = [    30.570    79.231   -99.000;    30.570    79.231   -99.000;];
EV(:,  86, :) = [    30.068    79.879   -99.000;    30.068    79.879   -99.000;];
EV(:,  87, :) = [    29.577    80.465   -99.000;    29.577    80.465   -99.000;];
EV(:,  88, :) = [    29.099    81.251   -99.000;    29.099    81.251   -99.000;];
EV(:,  89, :) = [    28.632    81.915   -99.000;    28.632    81.915   -99.000;];
EV(:,  90, :) = [    28.176    82.865   -99.000;    28.176    82.865   -99.000;];
EV(:,  91, :) = [    27.732    83.711   -99.000;    27.732    83.711   -99.000;];
EV(:,  92, :) = [    27.299    84.708   -99.000;    27.299    84.708   -99.000;];
EV(:,  93, :) = [    26.876    85.898   -99.000;    26.876    85.898   -99.000;];
EV(:,  94, :) = [    26.464    86.989   -99.000;    26.464    86.989   -99.000;];
EV(:,  95, :) = [    26.062    88.374   -99.000;    26.062    88.374   -99.000;];
EV(:,  96, :) = [    25.671    89.703   -99.000;    25.671    89.703   -99.000;];
EV(:,  97, :) = [    25.289    91.169   -99.000;    25.289    91.169   -99.000;];
