EV = [
283.3272269	-1.0000000	-1.0000000	
284.8778698	-1.0000000	-1.0000000	
286.3098838	-1.0000000	-1.0000000	
287.6200945	-1.0000000	-1.0000000	
288.8057453	-1.0000000	-1.0000000	
289.8645386	-1.0000000	-1.0000000	
290.7946771	-1.0000000	-1.0000000	
291.5949025	-1.0000000	-1.0000000	
292.2645330	-1.0000000	-1.0000000	
292.8034981	-1.0000000	-1.0000000	
293.2123699	-1.0000000	-1.0000000	
293.4923916	-1.0000000	-1.0000000	
293.6455005	-1.0000000	-1.0000000	
293.6743483	-1.0000000	-1.0000000	
293.5823146	-1.0000000	-1.0000000	
293.3735164	-1.0000000	-1.0000000	
293.0528115	-1.0000000	-1.0000000	
292.6257965	-1.0000000	-1.0000000	
292.0987988	-1.0000000	-1.0000000	
291.4788637	-1.0000000	-1.0000000	
290.7737356	-1.0000000	-1.0000000	
289.9918341	-1.0000000	-1.0000000	
289.1422260	-1.0000000	-1.0000000	
288.2345928	-1.0000000	-1.0000000	
287.2791946	-1.0000000	-1.0000000	
286.2868320	-1.0000000	-1.0000000	
285.2688050	-1.0000000	-1.0000000	
284.2368712	-1.0000000	-1.0000000	
283.2032037	-1.0000000	-1.0000000	
282.1803493	-1.0000000	-1.0000000	
281.1811874	-1.0000000	-1.0000000	
280.2188917	-1.0000000	-1.0000000	
279.3068946	-1.0000000	-1.0000000	
278.4588539	-1.0000000	-1.0000000	
277.6886253	-1.0000000	-1.0000000	
277.0102386	-1.0000000	-1.0000000	
276.4378792	355.5291797	-1.0000000	
275.9858768	356.5231732	-1.0000000	
275.6687008	358.3159961	-1.0000000	
275.5009646	360.5937779	-1.0000000	
275.4974430	363.2152297	-1.0000000	
275.6731077	366.0392422	-1.0000000	
276.0431949	370.8284062	-1.0000000	
276.6233944	373.5614502	-1.0000000	
277.4306771	377.8239869	-1.0000000	
278.4878220	383.2336287	-1.0000000	
279.8293787	387.1363382	-1.0000000	
281.5202347	392.1701889	-1.0000000	
283.4396130	395.5655363	-1.0000000	
284.7165784	400.5067892	-1.0000000	
285.9205192	405.0503936	-1.0000000	
286.6393971	409.4575916	-1.0000000	
287.3458849	413.4965891	-1.0000000	
288.0527865	417.6101927	-1.0000000	
288.7830503	421.2431477	-1.0000000	
289.5295825	423.1195202	-1.0000000	
290.2894237	424.8870841	-1.0000000	
291.0811675	425.8906932	-1.0000000	
291.8657662	426.8701677	-1.0000000	
292.6615850	427.8448208	-1.0000000	
293.4689468	428.8488500	-1.0000000	
294.2875664	429.8728541	-1.0000000	
295.1171684	430.9127268	-1.0000000	
295.9577221	431.9955997	-1.0000000	
296.8092845	433.0671478	-1.0000000	
297.6720382	434.1530856	-1.0000000	
298.5463473	435.2540476	-1.0000000	
299.4328112	436.3697884	-1.0000000	
300.3323418	437.5000435	-1.0000000	
301.2462613	438.6448595	-1.0000000	
302.1764224	439.8043837	-1.0000000	
303.1253503	440.9789191	-1.0000000	
304.0963992	442.1690042	-1.0000000	
305.0939003	443.3754886	-1.0000000	
306.1232693	444.5996400	-1.0000000	
307.1909977	445.8432786	-1.0000000	
308.3044613	447.1089416	-1.0000000	
309.4714630	448.4000782	-1.0000000	
310.6994994	449.7212620	-1.0000000	
311.9948646	451.0783938	-1.0000000	
313.3618357	452.4788481	-1.0000000	
314.8022454	453.9314617	-1.0000000	
316.3156396	455.4462735	-1.0000000	
317.8999975	457.0339021	-1.0000000	
319.5527870	458.7045497	-1.0000000	
321.2720873	460.4667811	-1.0000000	
323.0575591	462.3264170	-1.0000000	
324.9111583	464.2859523	-1.0000000	
326.8375238	466.3447701	-1.0000000	
328.8439579	468.5001213	-1.0000000	
330.9398736	470.7485619	-1.0000000	
333.1356071	473.0874786	-1.0000000	
335.4406815	475.5164101	-1.0000000	
337.8619334	478.0380170	-1.0000000	
340.4021514	480.6586105	-1.0000000	
343.0597524	483.3881245	-1.0000000	
345.8295154	486.2393650	-1.0000000	
348.7039057	489.2263933	-1.0000000	
351.6744162	492.3621650	-1.0000000	
354.7325585	495.6559808	-1.0000000	
357.8704237	499.1116347	-1.0000000	
361.0809019	502.7269733	-1.0000000	
364.3576895	506.4948939	-1.0000000	
367.6956182	510.4051465	-1.0000000	
371.1146533	514.4461582	-1.0000000	
374.5574546	518.6063813	-1.0000000	
378.0462727	522.8750569	-1.0000000	
381.5772481	527.2425129	-1.0000000	
385.1460244	531.7001738	-1.0000000	
388.7480835	536.2410087	-1.0000000	
392.3786345	540.8921789	-1.0000000	
396.0325054	545.5756791	-1.0000000	
399.7040391	550.3217790	-1.0000000	
403.3869886	555.1252283	-1.0000000	
407.0744089	559.9801007	-1.0000000	
410.7585120	564.8802499	-1.0000000	
414.4282371	569.8191585	-1.0000000	
418.0727595	574.7897909	-1.0000000	
421.6691810	579.7844510	-1.0000000	
425.2405138	584.7946408	-1.0000000	
428.8058158	589.8109125	496.6954731	
433.3958780	594.8226714	500.6026749	
435.5378129	599.8148707	504.4526366	
438.7355199	604.7706989	510.8831511	
441.8408970	609.6636339	512.2273166	
445.9210823	614.5223693	515.4346062	
448.0959208	619.3650088	518.7673673	
449.9063665	625.6176796	524.5205873	
451.0396054	628.5312777	528.1723861	
445.7343468	632.8815041	530.1285073	
443.9536029	637.1040660	531.3541603	
447.4265477	642.6560423	523.1351479	
451.0061613	645.6149820	521.1390901	
454.5231088	648.0781508	525.0286218	
457.9601823	649.6200304	528.9934045	
461.2833411	642.4028912	532.8773445	
464.4789033	639.9799900	536.6783030	
467.5356421	644.7045246	540.3524307	
470.4421352	649.5742258	543.8871174	
473.1870821	654.3586603	547.2695631	
475.7595242	659.0344256	550.4867044	
478.1498407	663.5552102	553.5257289	
480.3567794	667.9024045	556.3742541	
482.3612061	672.0607386	559.0205327	
484.1483107	676.0146757	561.4866934	
485.7110358	679.7488447	563.6935909	
487.0475345	683.2483390	565.6666400	
488.1525708	686.5000710	567.3973026	
489.0214540	689.5023393	568.8780092	
489.6493473	692.2291140	570.1023528	
490.0284621	694.6602480	571.0652305	
490.1514255	696.7861412	571.7628368	
490.0563619	698.6042811	572.0464255	
489.7466172	700.1075451	570.5172262	
489.2057579	701.2895523	570.4115488	
488.6728830	702.1437229	570.0000369	
487.3432998	702.6594625	569.3672943	
486.0667655	702.8267388	569.0356908	
484.6047000	702.6974169	567.3781494	
482.9825792	702.2760483	565.9940618	
481.4648263	701.5402771	564.3733045	
480.0876745	700.8153680	562.4821863	
477.3366326	699.0066375	560.4476884	
474.5379277	697.2700732	561.7902900	
471.9110015	695.2811171	556.4306736	
469.2426885	693.0744260	554.5350717	
466.9750540	691.0097131	551.6433910	
465.0643598	689.1362725	547.4317419	
456.4771246	685.3938261	547.3301573	
451.4169346	681.5865402	557.0986545	
446.2921107	678.0129379	535.0258419	
441.1061172	674.3830330	529.4313107	
435.8728208	671.2603270	523.7528713	
430.6052338	668.6989436	518.0066362	
425.3154257	657.0170908	512.2079948	
420.0145119	650.1333392	506.3713725	
414.7126567	643.1616612	500.5101466	
409.4191216	636.1067698	494.6366438	
404.1423610	628.9875287	488.7621420	
398.8901597	621.8216395	482.8969294	
393.6698441	614.6255212	477.0504142	
388.4960538	607.4142951	471.2312832	
384.1975618	600.2017883	465.4494896	
384.4330545	593.0005999	460.5230125	
385.6977861	585.8222310	461.7386851	
386.9409774	578.6772719	463.6861379	
387.9087795	571.5756878	465.0163313	
388.3352643	564.5359942	466.4939868	
388.5180025	557.9865838	467.9439888	
388.5544723	550.6700955	469.0727855	
388.4935428	543.8462671	469.5702164	
388.3413736	537.1257599	469.7833532	
388.1140875	530.5277394	469.8258899	
387.8453909	524.0754602	469.7548247	
387.5952762	517.7949626	469.5773420	
387.4500528	511.7122041	469.3122466	
387.4934426	505.8487939	468.9988522	
387.7543979	500.2181294	468.7071307	
388.1912792	494.8242432	468.5377492	
388.7309089	489.6641443	468.5883569	
389.3070188	484.7321867	468.8927224	
389.8716828	480.0241188	469.4022793	
390.3924785	475.5392651	470.0316767	
390.8473526	471.2804261	470.7036229	
391.2208281	467.2518658	471.3622193	
391.5016777	463.4973535	471.9696497	
391.6815350	459.9307984	472.5001926	
391.7540353	456.5880152	472.9357959	
391.7142586	453.4567032	473.2633651	
391.5583633	450.5218917	473.4731419	
391.2833465	447.7686845	473.5577026	
390.8868938	445.1844331	473.5113090	
390.3672918	442.7590981	473.3294804	
389.7233830	440.4813302	473.0087143	
388.9545473	438.3136704	472.5463114	
388.0607006	436.2026007	471.9402732	
387.0423003	434.1232032	471.1892497	
385.9003556	432.0066018	470.2925176	
384.6364390	429.8237701	469.2499787	
383.2526981	427.5489100	468.0621668	
