EV = [
259.3335154	-1.0000000	-1.0000000	
260.5949286	-1.0000000	-1.0000000	
261.7199828	-1.0000000	-1.0000000	
262.7040081	-1.0000000	-1.0000000	
263.5426511	-1.0000000	-1.0000000	
264.2319140	-1.0000000	-1.0000000	
264.7681931	-1.0000000	-1.0000000	
265.1483157	-1.0000000	-1.0000000	
265.3695762	-1.0000000	-1.0000000	
265.4297690	-1.0000000	-1.0000000	
265.3272197	-1.0000000	-1.0000000	
265.0608123	-1.0000000	-1.0000000	
264.6300125	-1.0000000	-1.0000000	
264.0348871	-1.0000000	-1.0000000	
263.2761184	-1.0000000	-1.0000000	
262.3550133	-1.0000000	-1.0000000	
261.2735067	-1.0000000	-1.0000000	
260.0341595	-1.0000000	-1.0000000	
258.6401506	-1.0000000	-1.0000000	
257.0952623	-1.0000000	-1.0000000	
255.4038609	-1.0000000	-1.0000000	
253.5708706	-1.0000000	-1.0000000	
251.6017424	-1.0000000	-1.0000000	
249.5024181	-1.0000000	-1.0000000	
247.2792896	-1.0000000	-1.0000000	
244.9391543	-1.0000000	-1.0000000	
242.4891675	-1.0000000	-1.0000000	
239.9367918	-1.0000000	-1.0000000	
237.2897452	-1.0000000	-1.0000000	
234.5559481	-1.0000000	-1.0000000	
231.7434703	-1.0000000	-1.0000000	
228.8604777	-1.0000000	-1.0000000	
225.9151816	-1.0000000	-1.0000000	
222.9157891	-1.0000000	-1.0000000	
219.8704561	-1.0000000	-1.0000000	
216.7872437	-1.0000000	-1.0000000	
213.6740779	152.0826134	-1.0000000	
210.5387131	149.1435996	-1.0000000	
207.3887001	146.2337500	-1.0000000	
204.2313577	143.3580722	-1.0000000	
201.0737496	140.5212823	-1.0000000	
197.9226644	137.7278108	-1.0000000	
194.7846013	134.9818110	-1.0000000	
191.6657587	132.2871691	-1.0000000	
188.5720273	129.6475168	-1.0000000	
185.5089871	127.0662449	-1.0000000	
182.4819073	124.5465187	-1.0000000	
179.4957499	122.0912935	-1.0000000	
176.5551755	119.7033321	-1.0000000	
173.6645520	117.3852221	-1.0000000	
170.8279659	115.1393940	-1.0000000	
168.0492341	112.9681393	-1.0000000	
165.3319192	110.8736294	-1.0000000	
162.6793442	108.8579339	-1.0000000	
160.0946097	106.9230394	-1.0000000	
157.5806111	105.0708680	-1.0000000	
155.1400570	103.3032960	-1.0000000	
152.7754868	101.6221725	-1.0000000	
150.4892902	100.0293376	-1.0000000	
148.2837256	98.5266417	-1.0000000	
146.1609386	97.1159639	-1.0000000	
144.1229811	95.7992313	-1.0000000	
142.1718290	94.5784391	-1.0000000	
140.3094007	93.4556714	-1.0000000	
138.5375747	92.4331238	-1.0000000	
136.8582070	91.5131290	-1.0000000	
135.2731482	90.6982078	-1.0000000	
133.7842600	89.9914527	-1.0000000	
132.3934316	89.4009599	-1.0000000	
131.1025956	88.9830537	-1.0000000	
129.9137435	89.0791570	-1.0000000	
128.8289412	90.2288444	-1.0000000	
127.8503438	91.9977103	-1.0000000	
126.9802106	93.9256273	-1.0000000	
126.2209196	95.9175284	-1.0000000	
125.5749822	97.9612860	-1.0000000	
125.0450573	100.0562248	-1.0000000	
124.6339659	102.2032230	-1.0000000	
124.3447055	104.4033869	-1.0000000	
124.1804644	106.6578628	-1.0000000	
124.1446365	108.9678063	-1.0000000	
124.2408360	111.3343759	-1.0000000	
124.4729124	113.7587297	-1.0000000	
124.8449656	116.2420227	-1.0000000	
125.3613622	118.7854044	-1.0000000	
126.0267511	121.3900154	-1.0000000	
126.8460799	124.0569844	-1.0000000	
127.8246125	126.7874248	-1.0000000	
128.9679465	129.5824304	-1.0000000	
130.2820315	132.4430719	-1.0000000	
131.7731873	135.3703918	-1.0000000	
133.4481206	138.3654000	-1.0000000	
135.3139298	141.4290683	-1.0000000	
137.3780623	144.5623251	-1.0000000	
139.6481240	147.7660489	-1.0000000	
142.1313069	151.0410620	-1.0000000	
144.8331024	154.3881236	-1.0000000	
147.7551551	157.8079223	-1.0000000	
150.8928888	161.3010678	-1.0000000	
154.2343806	164.8680828	-1.0000000	
157.7616328	168.5093934	-1.0000000	
161.4537104	172.2253196	-1.0000000	
165.2899992	176.0160649	-1.0000000	
169.2522693	179.8817052	-1.0000000	
173.3253693	183.8221774	-1.0000000	
177.4970350	187.8372663	-1.0000000	
181.7573335	191.9265924	-1.0000000	
186.0980567	196.0895973	-1.0000000	
190.5121964	200.3255296	-1.0000000	
194.9935323	204.6334292	-1.0000000	
199.5363205	209.0121115	-1.0000000	
204.1350623	213.4601504	-1.0000000	
208.7843309	217.9758607	-1.0000000	
213.4786405	222.5572796	-1.0000000	
218.2123452	227.2021480	-1.0000000	
222.9795702	231.9078902	-1.0000000	
227.7745280	236.6715943	-1.0000000	
232.5897301	241.4899904	-1.0000000	
237.4187526	246.3594302	-1.0000000	
242.2541948	251.2758640	-1.0000000	
247.0881795	256.2348200	247.4060849	
251.9123251	261.2313809	252.2448228	
256.7177227	266.2601626	257.0812932	
261.4949176	271.3152922	261.9073016	
266.2338947	276.3903864	266.7140858	
270.9240703	281.4785312	271.4923051	
275.5542883	286.5722624	276.2320333	
280.1128227	291.6635474	280.9227551	
284.5873864	296.7437692	285.5533669	
288.9651469	301.8037123	290.1121826	
293.2327504	306.8335518	294.5869455	
297.3763540	311.8228455	298.9648457	
301.3816667	316.7605303	303.2325464	
305.2340015	321.6349229	307.3762169	
308.9183371	326.4337260	311.3815754	
312.4193912	331.1440408	315.2339411	
315.7217057	335.7523859	318.9182974	
318.8097442	340.2447244	322.4193653	
321.6680010	344.6064993	325.7216890	
324.2811233	348.8226783	328.8097334	
326.6340447	352.8778092	331.6679941	
328.7121297	356.7560856	334.2811189	
330.5013293	360.4414251	336.6340419	
331.9883437	363.9175587	338.7121280	
333.1607921	367.1681343	340.5013282	
334.0073892	370.1768316	341.9883430	
334.5181168	372.9274905	343.1607922	
334.6843997	375.4042524	344.0073893	
334.4992718	377.5917121	344.5181169	
333.9575336	379.4750813	344.6843997	
333.0558942	381.0403603	344.4992718	
331.7930950	382.2745175	343.9575336	
330.1700101	383.1656725	343.0558942	
328.1897186	383.7032806	341.7930950	
325.8575471	383.8783153	340.1700101	
323.1810772	383.6834439	338.1897186	
320.1701174	383.1131932	335.8575472	
316.8366380	382.1640991	333.1810772	
313.1946694	380.8348368	330.1701174	
309.2601638	379.1263263	326.8366381	
305.0508251	377.0418090	323.1946694	
300.5859086	374.5868917	319.2601638	
295.8859965	371.7695549	315.0508251	
290.9727543	368.6001236	310.5859086	
285.8686742	365.0911979	305.8859965	
280.5968127	361.2575467	300.9727543	
275.1805279	357.1159619	295.8686742	
269.6432234	352.6850790	290.5968128	
264.0081048	347.9851669	285.1805279	
258.2979537	343.0378911	279.6432234	
252.5349225	337.8660571	274.0081049	
246.7403548	332.4933413	268.2979538	
240.9346325	326.9440134	262.5349226	
235.1370510	321.2426609	256.7403550	
229.3657223	315.4139193	250.9346329	
223.6375063	309.4822156	245.1370515	
217.9679678	303.4715302	239.3657232	
212.3713577	297.4051815	233.6375076	
206.8606166	291.3056365	227.9679698	
201.4473966	285.1943499	222.3713609	
196.1421002	279.0916325	216.8606218	
190.9539321	273.0165496	211.4474050	
185.8909620	266.9868484	206.1421139	
180.9601957	261.0189130	200.9539544	
176.1676515	255.1277442	195.8909985	
171.5184411	249.3269638	190.9602555	
167.0168508	243.6288370	186.1677496	
162.6664248	238.0443137	181.5186016	
158.4700461	232.5830829	177.0171130	
154.4300160	227.2536390	172.6668520	
150.5481303	222.0633561	168.4707396	
146.8257525	217.0185690	164.4311372	
143.2638828	212.1246575	160.5499351	
139.8632453	207.3861330	156.8286459	
136.6271678	202.8067250	153.2692834	
133.8167280	198.3894665	150.0304680	
133.9338760	194.1367775	149.9715892	
135.3614606	190.0505452	151.7002044	
136.7637875	186.1322003	153.4161907	
138.1009792	182.3827897	155.0800384	
139.3685741	178.8030442	156.6871453	
140.5627660	175.3934421	158.2331967	
141.6799278	172.1542683	159.7139181	
142.7166403	169.0856686	161.1251029	
143.6697314	166.1877000	162.4626470	
144.5363176	163.4603772	163.7225845	
145.3138452	160.9037143	164.9011263	
146.0001314	158.5177644	165.9947000	
146.5934063	156.3026546	166.9999922	
147.0923520	154.2586182	167.9139909	
147.4961408	152.3860191	168.7340296	
147.8044714	150.6853357	169.4578306	
148.0176002	149.1569381	170.0835487	
148.1363705	147.8001123	170.6098128	
148.1622354	146.6103661	171.0357662	
148.0972767	145.5749196	171.3611040	
147.9442175	144.6693445	171.5861073	
147.7064281	143.8596911	171.7116725	
147.3879260	143.1097819	171.7393368	
146.9933692	142.3884226	171.6712971	
