EV = zeros(2, 288, 3);
EV(1, :, :) = [
   139.013	   -99.000	   -99.000	
   140.294	   -99.000	   -99.000	
   141.505	   -99.000	   -99.000	
   142.643	   -99.000	   -99.000	
   143.702	   -99.000	   -99.000	
   144.680	   -99.000	   -99.000	
   145.572	   -99.000	   -99.000	
   146.374	   -99.000	   -99.000	
   147.083	   -99.000	   -99.000	
   147.695	   -99.000	   -99.000	
   148.208	   -99.000	   -99.000	
   148.620	   -99.000	   -99.000	
   148.927	   -99.000	   -99.000	
   149.130	   -99.000	   -99.000	
   149.225	   -99.000	   -99.000	
   149.213	   -99.000	   -99.000	
   149.093	   -99.000	   -99.000	
   148.866	   -99.000	   -99.000	
   148.531	   -99.000	   -99.000	
   148.090	   -99.000	   -99.000	
   147.545	   -99.000	   -99.000	
   146.897	   -99.000	   -99.000	
   146.150	   -99.000	   -99.000	
   145.305	   -99.000	   -99.000	
   144.366	   -99.000	   -99.000	
   143.338	   -99.000	   -99.000	
   142.222	   -99.000	   -99.000	
   141.025	   -99.000	   -99.000	
   139.751	   -99.000	   -99.000	
   138.403	   -99.000	   -99.000	
   136.988	   -99.000	   -99.000	
   135.509	   -99.000	   -99.000	
   133.973	   -99.000	   -99.000	
   132.385	   -99.000	   -99.000	
   130.749	   -99.000	   -99.000	
   129.071	   -99.000	   -99.000	
   127.356	   139.770	   -99.000	
   125.610	   138.735	   -99.000	
   123.836	   138.275	   -99.000	
   122.041	   138.133	   -99.000	
   120.228	   138.211	   -99.000	
   118.403	   138.459	   -99.000	
   116.570	   138.850	   -99.000	
   114.732	   139.360	   -99.000	
   112.895	   139.978	   -99.000	
   111.062	   140.701	   -99.000	
   109.237	   141.517	   -99.000	
   107.422	   142.419	   -99.000	
   105.623	   143.405	   -99.000	
   103.841	   144.472	   -99.000	
   102.079	   145.618	   -99.000	
   100.342	   146.836	   -99.000	
    98.630	   148.119	   -99.000	
    96.947	   149.469	   -99.000	
    95.296	   150.888	   -99.000	
    93.679	   152.367	   -99.000	
    92.098	   153.905	   -99.000	
    90.555	   155.503	   -99.000	
    89.054	   157.164	   -99.000	
    87.596	   158.888	   -99.000	
    86.184	   160.689	   -99.000	
    84.820	   162.569	   -99.000	
    83.507	   164.539	   -99.000	
    82.248	   166.600	   -99.000	
    81.046	   168.752	   -99.000	
    79.904	   170.978	   -99.000	
    78.827	   173.252	   -99.000	
    77.818	   175.517	   -99.000	
    76.882	   177.678	   -99.000	
    76.023	   179.559	   -99.000	
    75.245	   180.808	   -99.000	
    74.550	   181.012	   -99.000	
    73.936	   180.868	   -99.000	
    73.394	   180.694	   -99.000	
    72.915	   180.510	   -99.000	
    72.486	   180.308	   -99.000	
    72.093	   180.084	   -99.000	
    71.724	   179.833	   -99.000	
    71.367	   179.554	   -99.000	
    71.011	   179.248	   -99.000	
    70.647	   178.916	   -99.000	
    70.270	   178.558	   -99.000	
    69.872	   178.174	   -99.000	
    69.453	   177.759	   -99.000	
    69.022	   177.307	   -99.000	
    68.613	   176.812	   -99.000	
    68.299	   176.266	   -99.000	
    68.134	   175.664	   -99.000	
    68.124	   175.000	   -99.000	
    68.248	   174.269	   -99.000	
    68.485	   173.480	   -99.000	
    68.821	   172.695	   -99.000	
    69.241	   172.062	   -99.000	
    69.737	   171.718	   -99.000	
    70.301	   171.688	   -99.000	
    70.926	   171.936	   -99.000	
    71.608	   172.414	   -99.000	
    72.343	   173.088	   -99.000	
    73.127	   173.925	   -99.000	
    73.960	   174.904	   -99.000	
    74.836	   176.010	   -99.000	
    75.759	   177.229	   -99.000	
    76.722	   178.551	   -99.000	
    77.726	   179.969	   -99.000	
    78.774	   181.475	   -99.000	
    79.857	   183.072	   -99.000	
    80.980	   184.744	   -99.000	
    82.143	   186.502	   -99.000	
    83.341	   188.331	   -99.000	
    84.576	   190.237	   -99.000	
    85.849	   192.223	   -99.000	
    87.154	   194.273	   -99.000	
    88.494	   196.397	   -99.000	
    89.868	   198.596	   -99.000	
    91.273	   200.858	   -99.000	
    92.708	   203.188	   -99.000	
    94.180	   205.590	   -99.000	
    96.339	   208.050	   -99.000	
    97.402	   210.576	   -99.000	
    98.809	   213.166	   -99.000	
   100.318	   215.813	   149.758	
   101.875	   218.514	   150.005	
   103.464	   221.277	   150.885	
   105.086	   224.085	   152.142	
   106.732	   226.929	   153.665	
   108.410	   229.817	   155.382	
   110.103	   232.743	   157.240	
   111.826	   235.711	   159.202	
   113.554	   238.720	   161.238	
   115.308	   241.784	   163.326	
   117.055	   244.888	   165.451	
   118.817	   248.051	   167.599	
   120.557	   251.240	   169.762	
   122.312	   254.487	   171.929	
   124.028	   257.740	   174.092	
   125.734	   261.045	   176.242	
   127.414	   264.332	   178.373	
   129.038	   267.651	   180.478	
   130.643	   270.925	   182.551	
   132.171	   274.230	   184.584	
   133.662	   277.459	   186.570	
   135.098	   280.671	   188.492	
   136.365	   283.832	   190.303	
   137.724	   286.890	   192.049	
   138.799	   289.910	   193.726	
   139.923	   292.785	   195.298	
   140.884	   295.591	   196.724	
   141.743	   298.294	   198.073	
   142.456	   300.678	   199.342	
   143.074	   303.235	   200.314	
   143.541	   305.258	   201.223	
   143.903	   307.374	   202.033	
   144.072	   309.181	   202.647	
   144.172	   310.798	   203.395	
   144.061	   312.140	   203.272	
   143.846	   313.302	   203.428	
   143.487	   314.181	   203.439	
   142.974	   314.863	   203.095	
   142.342	   315.181	   202.506	
   141.559	   315.369	   202.227	
   140.671	   315.160	   201.181	
   139.649	   314.756	   200.084	
   138.522	   314.080	   199.008	
   137.276	   313.114	   198.209	
   135.957	   311.925	   196.355	
   134.517	   310.451	   194.843	
   133.015	   308.780	   193.603	
   131.443	   306.858	   191.495	
   129.807	   304.737	   189.693	
   128.114	   302.393	   187.789	
   126.383	   299.910	   185.693	
   124.615	   297.202	   183.678	
   122.845	   294.376	   181.499	
   121.005	   291.417	   179.548	
   119.220	   288.338	   177.446	
   117.378	   285.152	   175.154	
   115.592	   281.896	   172.771	
   113.778	   278.570	   170.725	
   112.035	   275.238	   169.120	
   110.368	   271.776	   168.091	
   109.199	   268.417	   167.542	
   108.864	   264.950	   167.310	
   109.098	   261.587	   167.293	
   109.523	   258.167	   167.433	
   110.037	   254.846	   167.747	
   110.614	   251.476	   168.216	
   111.243	   248.253	   168.821	
   111.911	   244.925	   169.529	
   112.614	   241.817	   170.321	
   113.349	   238.597	   171.183	
   114.104	   235.560	   172.100	
   114.879	   232.489	   173.065	
   115.668	   229.550	   174.072	
   116.468	   226.619	   175.108	
   117.275	   223.808	   176.172	
   118.082	   221.032	   177.253	
   118.889	   218.346	   178.350	
   119.690	   215.717	   179.458	
   120.482	   213.170	   180.565	
   121.260	   210.684	   181.671	
   122.023	   208.268	   182.771	
   122.764	   205.917	   183.858	
   123.479	   203.626	   184.925	
   124.170	   201.392	   185.971	
   124.827	   199.214	   186.988	
   125.447	   197.087	   187.969	
   126.034	   195.000	   188.917	
   126.576	   192.960	   189.817	
   127.075	   190.953	   190.669	
   127.528	   188.968	   191.473	
   127.933	   187.014	   192.216	
   128.285	   185.079	   192.901	
   128.584	   183.163	   193.523	
   128.833	   181.256	   194.078	
   129.024	   179.365	   194.561	
   129.158	   177.494	   194.971	
   129.240	   175.645	   195.313	
   129.262	   173.826	   195.574	
   129.229	   172.044	   195.758	
   129.144	   170.304	   195.871	
   128.998	   168.618	   195.901	
   128.801	   166.986	   195.856	
   128.555	   165.412	   195.740	
   128.250	   163.903	   195.539	
   127.898	   162.446	   195.268	
   127.501	   161.057	   194.931	
   127.051	   159.717	   194.513	
   126.557	   158.436	   194.030	
   126.019	   157.211	   193.485	
   125.434	   156.024	   192.868	
   124.810	   154.889	   192.190	
   124.141	   153.804	   191.452	
   123.431	   152.757	   190.650	
   122.686	   151.743	   189.794	
