EV = [
412.1677512	370.2333150	386.1329955	
412.7829051	369.5644466	386.0168379	
413.2185157	368.7108143	385.7172899	
413.4714851	367.6731663	385.2333150	
413.5391707	366.4528884	384.5644466	
413.4194205	365.0520175	383.7108143	
413.1106082	363.4732514	382.6731663	
412.6116650	361.7199526	381.4528884	
411.9221099	359.7961469	380.0520175	
411.0420766	357.7065159	378.4732514	
409.9723364	355.4563839	376.7199526	
408.7143179	353.0516989	374.7961469	
407.2701211	350.4990072	372.7065159	
405.6425272	347.8054233	370.4563839	
403.8350027	344.9785933	368.0516989	
401.8516978	342.0266540	365.4990072	
399.6974390	338.9581878	362.8054233	
397.3777154	335.7821729	359.9785933	
394.8986586	332.5079306	357.0266540	
392.2670178	329.1450709	353.9581878	
389.4901272	325.7034351	350.7821729	
386.5758694	322.1930384	347.5079306	
383.5326330	318.6240121	344.1450709	
380.3692658	315.0065467	340.7034351	
377.0950236	311.3508358	337.1930384	
373.7195161	307.6670230	333.6240121	
370.2526504	303.9651510	330.0065467	
366.7045722	300.2551143	326.3508358	
363.0856066	296.5466155	322.6670230	
359.4061981	292.8491256	318.9651510	
355.6768523	289.1718496	315.2551143	
351.9080781	285.5236959	311.5466155	
348.1103330	281.9132505	307.8491256	
344.2939701	278.3487564	304.1718496	
340.4691900	274.8380975	300.5236959	
336.6459953	271.3887868	296.9132505	
332.8341501	268.0079589	293.3487564	
329.0431439	264.7023671	289.8380975	
325.2821607	261.4783837	286.3887868	
321.5600520	258.3420040	283.0079589	
317.8853159	255.2988530	279.7023671	
314.2660799	252.3541957	276.4783837	
310.7100895	249.5129487	273.3420040	
307.2246999	246.7796946	270.2988530	
303.8168733	244.1586979	267.3541957	
300.4931791	241.6539219	264.5129487	
297.2597979	239.2690474	261.7796946	
294.1225289	237.0074911	259.1586979	
291.0867997	234.8724256	256.6539219	
288.1576790	232.8667993	254.2690474	
285.3398913	230.9933558	252.0074911	
282.6378328	229.2546542	249.8724256	
280.0555896	227.6530884	247.8667993	
277.5969561	226.1909068	245.9933558	
275.2654547	224.8702303	244.2546542	
273.0643563	223.6930712	242.6530884	
270.9967003	222.6613503	241.1909068	
269.0653152	221.7769141	239.8702303	
267.2728393	221.0415510	238.6930712	
265.6217407	220.4570065	237.6613503	
264.1143369	220.0249983	236.7769141	
262.7528148	219.7472302	236.0415510	
261.5392487	219.6254055	235.4570065	
260.4756189	219.6612396	235.0249983	
259.5638290	219.8564719	234.7472302	
258.8057227	220.2128770	234.6254055	
258.2030994	220.7322759	234.6612396	
257.7577302	221.4165454	234.8564719	
257.4713713	222.2676283	235.2128770	
257.3457789	223.2875422	235.7322759	
257.3827213	224.4783878	236.4165454	
257.5839916	225.9221501	237.2676283	
257.9514196	227.4779476	238.2875422	
258.4868824	229.2150345	239.4783878	
259.1923149	231.1368048	240.8423577	
260.0697199	233.2472107	242.3817437	
261.1211775	235.5515570	244.0989441	
262.3488534	238.0594741	245.9964712	
263.7550080	240.7940438	248.0769577	
265.3420038	243.8092235	250.3431640	
267.1123135	247.1888572	252.7979854	
269.0685270	250.9703222	255.4444693	
271.2133584	255.0772367	258.2858691	
273.5496530	259.3946130	261.3258508	
276.0803933	263.8464631	264.5691769	
278.8087057	268.3963320	268.0235263	
281.7378664	273.0282481	271.7029183	
284.8713061	277.7350463	275.6303932	
288.2126107	282.5132109	279.8311157	
291.7654935	287.3607425	284.3097856	
295.5336548	292.2762427	289.0331386	
299.5202670	297.2584537	293.9440547	
303.7265887	302.3059051	298.9889007	
308.1493575	307.4164201	304.1300535	
312.7778974	312.5876908	309.3449531	
317.5936570	317.8167756	314.6225069	
322.5743501	323.1000108	319.9445772	
327.7014391	328.4329937	325.3049910	
332.9675837	333.8106486	330.7002823	
338.3811884	339.2273770	336.1295151	
343.8957360	344.6772959	341.5941031	
349.4963173	350.1545878	347.0971175	
355.1676382	355.6540177	352.6429339	
360.8946580	361.1717050	358.2810685	
366.6636055	366.7062673	363.9491119	
372.4625206	372.2603946	369.6422028	
378.2811480	377.8426401	375.3557727	
384.1104620	383.4706941	381.0863842	
389.9421430	389.2666949	386.8321058	
395.7681721	395.1215530	392.5899421	
401.5805680	401.0311589	398.2630627	
407.3712218	406.9868473	404.0885675	
413.1315465	412.9780190	409.9163998	
418.8430190	418.9944135	415.7402509	
423.8496229	425.0271079	421.5526556	
429.5251294	431.0684588	427.3452365	
435.1435676	437.1115930	433.1090267	
440.6953433	443.1498910	438.8347361	
446.1704431	449.1766348	444.5128957	
451.5584210	455.1848150	450.1338864	
456.8483892	461.1670402	455.6878926	
462.0290139	467.1154968	461.1648252	
467.0885148	473.0219283	466.5542489	
472.0146700	478.8776219	471.8453268	
476.7948258	484.6733987	477.0267873	
481.4159123	490.3996052	482.0869093	
485.8644649	496.0461064	487.0135218	
490.1266526	501.6022826	491.7940100	
494.1883136	507.0570267	496.4153370	
498.0353715	512.3987466	500.8640622	
503.0349751	517.6153695	505.1263728	
506.6520045	522.6943515	509.1881204	
510.0245079	527.6226905	513.0348656	
513.1375191	532.3869453	516.6519299	
515.9760466	536.9732600	520.0244574	
518.5251635	541.3673946	523.1374851	
520.7701095	545.5547633	525.9760238	
522.6964017	549.5204800	528.5251484	
524.2899581	553.2494122	530.7700994	
525.5372293	556.7262447	532.6963951	
526.4253413	559.9355517	534.2899537	
526.9422459	562.8618802	535.5372264	
527.0768784	565.4898437	536.4253394	
526.8193209	567.8042262	536.9422453	
526.1609680	569.7900980	537.0768781	
525.0946940	571.4329420	536.8193207	
523.6150151	572.7187901	536.1609681	
521.7182479	573.6343705	535.0946940	
519.4026552	574.1672625	533.6150152	
516.6685795	574.3060593	531.7182479	
513.5185561	574.0405364	529.4026552	
509.9574043	573.3618225	526.6685796	
505.9922910	572.2625710	523.5185562	
501.6327644	570.7371289	519.9574043	
496.8907529	568.7816988	515.9922910	
491.7805287	566.3944899	511.6327644	
486.3186333	563.5758552	506.8907530	
480.5237653	560.3284084	501.7805287	
474.4166315	556.6571178	496.3186333	
468.0197630	552.5693722	490.5237653	
461.3572993	548.0750148	484.4166316	
454.4547464	543.1863432	478.0197630	
447.3387124	537.9180709	471.3572993	
440.0366286	532.2872508	464.4547464	
432.5764610	526.3131601	457.3387124	
424.9864209	520.0171459	450.0366286	
417.2946804	513.4224361	442.5764610	
409.5290989	506.5539168	434.9864209	
401.7169678	499.4378828	427.2946804	
393.8847771	492.1017654	419.5290989	
386.0580078	484.5738439	411.7169679	
378.2609545	476.8829494	403.8847772	
370.5165778	469.0581659	396.0580079	
362.8463895	461.1285364	388.2609546	
355.2703674	453.1227823	380.5165780	
347.8069023	445.0690390	372.8463897	
340.4727707	436.9946156	365.2703678	
333.2831356	428.9257812	357.8069029	
326.2515680	420.8875819	350.4727717	
319.3900893	412.9036884	343.2831372	
312.7092296	404.9962777	336.2515705	
306.2180996	397.1859457	329.3900934	
299.9244723	389.4916517	322.7092363	
293.8348722	381.9306913	316.2181106	
287.9546695	374.5186963	309.9244904	
282.2881768	367.2696574	303.8349020	
276.8387460	360.1959678	297.9547187	
271.6088644	353.3084833	292.2882579	
266.6002485	346.6165962	286.8388792	
261.8139339	340.1283199	281.6090826	
257.2503615	333.8503806	276.6006048	
252.9094632	327.7883145	271.8145135	
248.7933989	321.9465672	267.2513147	
245.6533838	316.3285939	262.9265618	
247.1082548	310.9369584	261.2608337	
249.1171881	305.7734294	263.5196152	
251.0537958	300.8390738	265.8050658	
252.8892160	296.1343445	268.0252209	
251.3868724	291.6591646	270.1759643	
252.9916768	287.4130046	272.2534153	
254.5058287	283.3949555	274.2537783	
255.9267758	279.6037952	276.1733711	
257.2522843	276.0380495	278.0086562	
258.4804760	272.6960478	279.7562741	
259.6097354	269.5759734	281.4130782	
260.6279479	266.6759090	282.9761716	
257.3984004	263.9938761	284.4429454	
258.1269716	261.5278739	285.8111177	
258.7566077	259.2759037	287.0787735	
259.2888920	257.2359447	288.2444048	
259.7180508	255.4054480	289.3069505	
255.3291661	253.7776866	290.2658351	
255.5016022	252.3234160	291.1210059	
255.5946715	250.9126437	291.8729684	
255.6139281	248.5256944	292.5228180	
255.5655674	247.6229594	293.0722688	
