EV = [
275.2140301	-1.0000000	-1.0000000	
276.3376216	-1.0000000	-1.0000000	
277.3201078	-1.0000000	-1.0000000	
278.1571315	-1.0000000	-1.0000000	
278.8446908	-1.0000000	-1.0000000	
279.3791775	-1.0000000	-1.0000000	
279.7574143	-1.0000000	-1.0000000	
279.9766906	-1.0000000	-1.0000000	
280.0347957	-1.0000000	-1.0000000	
279.9300499	-1.0000000	-1.0000000	
279.6613312	-1.0000000	-1.0000000	
279.2280994	-1.0000000	-1.0000000	
278.6304151	-1.0000000	-1.0000000	
277.8689538	-1.0000000	-1.0000000	
276.9450152	-1.0000000	-1.0000000	
275.8605271	-1.0000000	-1.0000000	
274.6180424	-1.0000000	-1.0000000	
273.2207319	-1.0000000	-1.0000000	
271.6723692	-1.0000000	-1.0000000	
269.9773116	-1.0000000	-1.0000000	
268.1404735	-1.0000000	-1.0000000	
266.1672960	-1.0000000	-1.0000000	
264.0637103	-1.0000000	-1.0000000	
261.8360971	-1.0000000	-1.0000000	
259.4912421	-1.0000000	-1.0000000	
257.0362879	-1.0000000	-1.0000000	
254.4786843	-1.0000000	-1.0000000	
251.8261357	-1.0000000	-1.0000000	
249.0865478	-1.0000000	-1.0000000	
246.2679752	-1.0000000	-1.0000000	
243.3785680	-1.0000000	-1.0000000	
240.4265205	-1.0000000	-1.0000000	
237.4200220	-1.0000000	-1.0000000	
234.3672098	-1.0000000	-1.0000000	
231.2761252	-1.0000000	-1.0000000	
228.1546737	-1.0000000	-1.0000000	
225.0105878	404.3897891	-1.0000000	
221.8513953	402.2466378	-1.0000000	
218.6843911	400.0150047	-1.0000000	
215.5166133	397.7082073	-1.0000000	
212.3548238	395.3640986	-1.0000000	
209.2054937	393.0836116	-1.0000000	
206.0747916	391.1047058	-1.0000000	
202.9685772	389.7763108	-1.0000000	
199.8923976	389.1961350	-1.0000000	
196.8514875	389.1070254	-1.0000000	
193.8507725	389.2499500	-1.0000000	
190.8948750	389.4881422	-1.0000000	
187.9881226	389.7600330	-1.0000000	
185.1345592	390.0380874	-1.0000000	
182.3379574	390.3095888	-1.0000000	
179.6018326	390.5682445	-1.0000000	
176.9294585	390.8104689	-1.0000000	
174.3238836	391.0337390	-1.0000000	
171.7879486	391.2358900	-1.0000000	
169.3243044	391.4148204	-1.0000000	
166.9354297	391.5683729	-1.0000000	
164.6236505	391.6942896	-1.0000000	
162.3911580	391.7901903	-1.0000000	
160.2400270	391.8535698	-1.0000000	
158.1722349	391.8817975	-1.0000000	
156.1896793	391.8721227	-1.0000000	
154.2941963	391.8216931	-1.0000000	
152.4875776	391.7275778	-1.0000000	
150.7715880	391.5868156	-1.0000000	
149.1479820	391.3964945	-1.0000000	
147.6185203	391.1538815	-1.0000000	
146.1849857	390.8566476	-1.0000000	
144.8491991	390.5032658	-1.0000000	
143.6130343	390.0937417	-1.0000000	
142.4784337	389.6310484	-1.0000000	
141.4474223	389.1241743	-1.0000000	
140.5221229	388.5951570	-1.0000000	
139.7047698	388.0964852	-1.0000000	
138.9977239	387.7528640	-1.0000000	
138.4034860	387.8241088	-1.0000000	
137.9247115	388.6260986	-1.0000000	
137.5642245	390.1907504	-1.0000000	
137.3250326	392.2695251	-1.0000000	
137.2103416	394.6434628	-1.0000000	
137.2235712	397.2004539	-1.0000000	
137.3683721	399.8906829	-1.0000000	
137.6486454	402.6922979	-1.0000000	
138.0685690	405.5956469	-1.0000000	
138.6326367	408.5965384	-1.0000000	
139.3457237	411.6933125	-1.0000000	
140.2131467	414.8855422	-1.0000000	
141.2408303	418.1734518	-1.0000000	
142.4351282	421.5576524	-1.0000000	
143.8014429	425.0390184	-1.0000000	
145.3430264	428.6186232	-1.0000000	
147.0577535	432.2977000	-1.0000000	
148.9364405	436.0776106	-1.0000000	
150.9636108	439.9598187	-1.0000000	
153.1203730	443.9458629	-1.0000000	
155.3873147	448.0373320	-1.0000000	
157.7464661	452.2358400	-1.0000000	
160.1831271	456.5430035	-1.0000000	
162.6871751	460.9604198	-1.0000000	
165.2521770	465.4896471	-1.0000000	
167.8730113	470.1321866	-1.0000000	
170.5443258	474.8894679	-1.0000000	
173.2603444	479.7628462	-1.0000000	
176.0177131	484.7533652	-1.0000000	
178.7770049	489.8026623	-1.0000000	
181.5978208	495.0325584	-1.0000000	
184.4335776	500.4206205	-1.0000000	
187.2910865	505.8880493	-1.0000000	
190.1242928	511.4763394	-1.0000000	
192.9685409	517.1860557	-1.0000000	
195.7956460	523.0179967	-1.0000000	
198.5303338	528.9735407	-1.0000000	
201.1567636	535.0528842	-1.0000000	
203.3190726	541.2519921	-1.0000000	
202.7974996	547.5622855	-1.0000000	
202.2955747	553.9761273	-1.0000000	
202.2016620	560.4922491	-1.0000000	
204.6505002	567.1134648	-1.0000000	
206.5697015	573.8402983	-1.0000000	
205.4949705	580.6681684	-1.0000000	
203.7545410	587.5885475	363.4603098	
203.1948227	594.6049747	363.3552170	
204.7142677	601.5961648	363.5734886	
206.2656510	608.7433110	364.0318431	
207.7352697	615.9176980	364.7946610	
209.1224073	623.1449813	365.7216774	
210.4209896	630.3000537	366.6107275	
211.6250481	637.4807343	367.2544140	
212.7287276	644.6180459	367.6690042	
213.7263364	651.5138452	367.8355651	
214.6124182	658.1496851	367.9209014	
215.3805625	663.6141671	367.9638554	
216.0455245	662.3010589	367.9761192	
216.5650362	661.0366674	367.9586291	
216.9555144	660.7798964	367.9105203	
217.2122473	666.9562982	367.8310748	
217.3322523	671.7986444	367.7213104	
217.3131257	669.0931960	367.5882550	
217.1530934	664.7106572	367.4593114	
216.8510366	663.2954031	367.2709135	
216.4065066	667.1217453	367.0745180	
215.8197243	671.0286444	366.9128074	
215.0915601	674.7293860	366.7817906	
214.2234436	678.2223015	366.7393140	
213.2191281	681.4921398	366.8101933	
212.0465319	684.5239005	366.9661474	
210.7444724	687.3028626	367.3020628	
209.3704650	689.8147130	367.7234598	
210.0093245	692.0457303	369.1417220	
213.1625912	693.9797649	369.7070945	
216.6993278	695.6540321	371.4679225	
219.5704275	696.9620684	372.9840088	
223.3637894	697.9452318	372.4337016	
226.1117159	698.5916645	372.6046127	
228.7856071	698.8938617	376.0178225	
231.2833513	698.8457759	381.2900914	
233.7728966	698.4429430	385.7529858	
236.3018672	697.6825491	391.6873422	
238.6112463	696.5634664	396.8817626	
240.2350284	695.0862521	402.4968163	
241.3966845	693.2530987	407.0505628	
242.5531276	691.0677007	413.0716974	
243.6821448	688.5393093	417.4319424	
244.8213118	685.5872488	421.6747479	
245.9699022	682.3077643	425.6379239	
247.1269601	678.7476609	429.5880590	
248.2914463	675.0036483	433.6008551	
249.4622350	670.8345127	437.2652894	
250.6381103	666.2916388	439.8417736	
251.8177628	661.4956551	441.6849474	
252.9997868	656.3752547	443.5198518	
254.1826760	650.9055427	445.3112364	
255.3648217	645.0837949	447.1187253	
256.5445094	638.7273708	448.9411661	
257.7199173	631.8777991	450.7770421	
258.8891136	624.7831443	452.6247043	
260.0500548	617.6003008	454.4823666	
261.2005857	610.3549721	456.3480995	
262.3384381	603.0724321	458.2198257	
263.4612305	595.7775956	460.0953147	
264.5664710	588.4947786	461.9721764	
265.6515572	581.2473456	463.8478583	
266.7137797	574.0572315	465.7196404	
267.7503256	566.9443408	467.5846316	
268.7582837	559.9259161	469.4397669	
269.7346509	553.0159648	471.2818041	
270.6763383	546.2249017	473.1073236	
271.5801811	539.5594831	474.9127262	
272.4429491	533.0230603	476.6942337	
273.2613567	526.6160773	478.4478918	
274.0320789	520.3366977	480.1695715	
274.7517638	514.1814387	481.8549740	
275.4170506	508.1457255	483.4996359	
276.0245874	502.2243304	485.0989384	
276.5710510	496.4116888	486.6481163	
277.0531678	490.7021165	488.1422687	
277.4677373	485.0899506	489.5763738	
277.8116541	479.5696438	490.9453066	
278.0819335	474.1358331	492.2438540	
278.2757371	468.7834082	493.4667400	
278.3903970	463.5075988	494.6086463	
278.4234427	458.3041047	495.6642406	
278.3726255	453.1692977	496.6282044	
278.2359424	448.1005192	497.4952649	
278.0116591	443.0965048	498.2602279	
277.6983301	438.1579570	498.9180154	
277.2948187	433.2882648	499.4637001	
276.8003104	428.4943146	499.8925461	
276.2143251	423.7872101	500.2000499	
275.5367257	419.1825239	500.3819785	
274.7677208	414.6994702	500.4344119	
273.9078622	410.3583735	500.3537823	
272.9580390	406.1764265	500.1369113	
271.9194638	402.1630161	499.7810473	
270.7936538	398.3168952	499.2838970	
269.5824061	394.6267345	498.6436565	
268.2877672	391.0744558	497.8590335	
266.9119950	387.6393064	496.9292665	
265.4575160	384.3009840	495.8541377	
263.9268777	381.0412986	494.6339780	
