EV = [
   283.327	    -1.000	    -1.000	
   284.878	    -1.000	    -1.000	
   286.310	    -1.000	    -1.000	
   287.620	    -1.000	    -1.000	
   288.806	    -1.000	    -1.000	
   289.865	    -1.000	    -1.000	
   290.795	    -1.000	    -1.000	
   291.595	    -1.000	    -1.000	
   292.265	    -1.000	    -1.000	
   292.803	    -1.000	    -1.000	
   293.212	    -1.000	    -1.000	
   293.492	    -1.000	    -1.000	
   293.646	    -1.000	    -1.000	
   293.674	    -1.000	    -1.000	
   293.582	    -1.000	    -1.000	
   293.374	    -1.000	    -1.000	
   293.053	    -1.000	    -1.000	
   292.626	    -1.000	    -1.000	
   292.099	    -1.000	    -1.000	
   291.479	    -1.000	    -1.000	
   290.774	    -1.000	    -1.000	
   289.992	    -1.000	    -1.000	
   289.142	    -1.000	    -1.000	
   288.235	    -1.000	    -1.000	
   287.279	    -1.000	    -1.000	
   286.287	    -1.000	    -1.000	
   285.269	    -1.000	    -1.000	
   284.237	    -1.000	    -1.000	
   283.203	    -1.000	    -1.000	
   282.180	    -1.000	    -1.000	
   281.181	    -1.000	    -1.000	
   280.219	    -1.000	    -1.000	
   279.307	    -1.000	    -1.000	
   278.459	    -1.000	    -1.000	
   277.689	    -1.000	    -1.000	
   277.010	    -1.000	    -1.000	
   276.438	   355.529	    -1.000	
   275.986	   356.523	    -1.000	
   275.669	   358.316	    -1.000	
   275.501	   360.594	    -1.000	
   275.497	   363.215	    -1.000	
   275.673	   366.039	    -1.000	
   276.043	   370.828	    -1.000	
   276.623	   373.561	    -1.000	
   277.431	   377.824	    -1.000	
   278.488	   383.234	    -1.000	
   279.829	   387.136	    -1.000	
   281.520	   392.170	    -1.000	
   283.440	   395.566	    -1.000	
   284.717	   400.507	    -1.000	
   285.921	   405.050	    -1.000	
   286.639	   409.458	    -1.000	
   287.346	   413.497	    -1.000	
   288.053	   417.610	    -1.000	
   288.783	   421.243	    -1.000	
   289.530	   423.120	    -1.000	
   290.289	   424.887	    -1.000	
   291.081	   425.891	    -1.000	
   291.866	   426.870	    -1.000	
   292.662	   427.845	    -1.000	
   293.469	   428.849	    -1.000	
   294.288	   429.873	    -1.000	
   295.117	   430.913	    -1.000	
   295.958	   431.996	    -1.000	
   296.809	   433.067	    -1.000	
   297.672	   434.153	    -1.000	
   298.546	   435.254	    -1.000	
   299.433	   436.370	    -1.000	
   300.332	   437.500	    -1.000	
   301.246	   438.645	    -1.000	
   302.176	   439.804	    -1.000	
   303.125	   440.979	    -1.000	
   304.096	   442.169	    -1.000	
   305.094	   443.375	    -1.000	
   306.123	   444.600	    -1.000	
   307.191	   445.843	    -1.000	
   308.304	   447.109	    -1.000	
   309.471	   448.400	    -1.000	
   310.699	   449.721	    -1.000	
   311.995	   451.078	    -1.000	
   313.362	   452.479	    -1.000	
   314.802	   453.931	    -1.000	
   316.316	   455.446	    -1.000	
   317.900	   457.034	    -1.000	
   319.553	   458.705	    -1.000	
   321.272	   460.467	    -1.000	
   323.058	   462.326	    -1.000	
   324.911	   464.286	    -1.000	
   326.838	   466.345	    -1.000	
   328.844	   468.500	    -1.000	
   330.940	   470.749	    -1.000	
   333.136	   473.087	    -1.000	
   335.441	   475.516	    -1.000	
   337.862	   478.038	    -1.000	
   340.402	   480.659	    -1.000	
   343.060	   483.388	    -1.000	
   345.830	   486.239	    -1.000	
   348.704	   489.226	    -1.000	
   351.674	   492.362	    -1.000	
   354.733	   495.656	    -1.000	
   357.870	   499.112	    -1.000	
   361.081	   502.727	    -1.000	
   364.358	   506.495	    -1.000	
   367.696	   510.405	    -1.000	
   371.115	   514.446	    -1.000	
   374.557	   518.606	    -1.000	
   378.046	   522.875	    -1.000	
   381.577	   527.243	    -1.000	
   385.146	   531.700	    -1.000	
   388.748	   536.241	    -1.000	
   392.379	   540.892	    -1.000	
   396.033	   545.576	    -1.000	
   399.704	   550.322	    -1.000	
   403.387	   555.125	    -1.000	
   407.074	   559.980	    -1.000	
   410.759	   564.880	    -1.000	
   414.428	   569.819	    -1.000	
   418.073	   574.790	    -1.000	
   421.669	   579.784	    -1.000	
   425.241	   584.795	    -1.000	
   428.806	   589.811	   496.695	
   433.396	   594.823	   500.603	
   435.538	   599.815	   504.453	
   438.736	   604.771	   510.883	
   441.841	   609.664	   512.227	
   445.921	   614.522	   515.435	
   448.096	   619.365	   518.767	
   449.906	   625.618	   524.521	
   451.040	   628.531	   528.172	
   445.734	   632.882	   530.129	
   443.954	   637.104	   531.354	
   447.427	   642.656	   523.135	
   451.006	   645.615	   521.139	
   454.523	   648.078	   525.029	
   457.960	   649.620	   528.993	
   461.283	   642.403	   532.877	
   464.479	   639.980	   536.678	
   467.536	   644.705	   540.352	
   470.442	   649.574	   543.887	
   473.187	   654.359	   547.270	
   475.760	   659.034	   550.487	
   478.150	   663.555	   553.526	
   480.357	   667.902	   556.374	
   482.361	   672.061	   559.021	
   484.148	   676.015	   561.487	
   485.711	   679.749	   563.694	
   487.048	   683.248	   565.667	
   488.153	   686.500	   567.397	
   489.021	   689.502	   568.878	
   489.649	   692.229	   570.102	
   490.028	   694.660	   571.065	
   490.151	   696.786	   571.763	
   490.056	   698.604	   572.046	
   489.747	   700.108	   570.517	
   489.206	   701.290	   570.412	
   488.673	   702.144	   570.000	
   487.343	   702.659	   569.367	
   486.067	   702.827	   569.036	
   484.605	   702.697	   567.378	
   482.983	   702.276	   565.994	
   481.465	   701.540	   564.373	
   480.088	   700.815	   562.482	
   477.337	   699.007	   560.448	
   474.538	   697.270	   561.790	
   471.911	   695.281	   556.431	
   469.243	   693.074	   554.535	
   466.975	   691.010	   551.643	
   465.064	   689.136	   547.432	
   456.477	   685.394	   547.330	
   451.417	   681.587	   557.099	
   446.292	   678.013	   535.026	
   441.106	   674.383	   529.431	
   435.873	   671.260	   523.753	
   430.605	   668.699	   518.007	
   425.315	   657.017	   512.208	
   420.015	   650.133	   506.371	
   414.713	   643.162	   500.510	
   409.419	   636.107	   494.637	
   404.142	   628.988	   488.762	
   398.890	   621.822	   482.897	
   393.670	   614.626	   477.050	
   388.496	   607.414	   471.231	
   384.198	   600.202	   465.449	
   384.433	   593.001	   460.523	
   385.698	   585.822	   461.739	
   386.941	   578.677	   463.686	
   387.909	   571.576	   465.016	
   388.335	   564.536	   466.494	
   388.518	   557.987	   467.944	
   388.554	   550.670	   469.073	
   388.494	   543.846	   469.570	
   388.341	   537.126	   469.783	
   388.114	   530.528	   469.826	
   387.845	   524.075	   469.755	
   387.595	   517.795	   469.577	
   387.450	   511.712	   469.312	
   387.493	   505.849	   468.999	
   387.754	   500.218	   468.707	
   388.191	   494.824	   468.538	
   388.731	   489.664	   468.588	
   389.307	   484.732	   468.893	
   389.872	   480.024	   469.402	
   390.392	   475.539	   470.032	
   390.847	   471.280	   470.704	
   391.221	   467.252	   471.362	
   391.502	   463.497	   471.970	
   391.682	   459.931	   472.500	
   391.754	   456.588	   472.936	
   391.714	   453.457	   473.263	
   391.558	   450.522	   473.473	
   391.283	   447.769	   473.558	
   390.887	   445.184	   473.511	
   390.367	   442.759	   473.329	
   389.723	   440.481	   473.009	
   388.955	   438.314	   472.546	
   388.061	   436.203	   471.940	
   387.042	   434.123	   471.189	
   385.900	   432.007	   470.293	
   384.636	   429.824	   469.250	
   383.253	   427.549	   468.062	
   381.752	   425.161	   466.730	
   380.137	   422.650	   465.256	
   378.413	   420.018	   463.642	
   376.583	   417.279	   461.892	
   374.654	   414.447	   460.009	
   372.631	   411.547	   457.997	
   370.521	   408.591	   455.863	
   368.333	   405.580	   453.613	
   366.074	   402.506	   451.254	
   363.756	   399.359	   448.793	
   361.390	   396.132	   446.240	
   358.989	   392.830	   443.606	
   356.567	   389.470	   440.902	
   354.138	   386.141	   438.143	
   351.719	   383.220	   435.342	
