EV = zeros(2, 288, 3);
EV(1, :, :) = [
   283.322	    -1.000	    -1.000	
   284.872	    -1.000	    -1.000	
   286.304	    -1.000	    -1.000	
   287.614	    -1.000	    -1.000	
   288.799	    -1.000	    -1.000	
   289.857	    -1.000	    -1.000	
   290.787	    -1.000	    -1.000	
   291.587	    -1.000	    -1.000	
   292.256	    -1.000	    -1.000	
   292.795	    -1.000	    -1.000	
   293.203	    -1.000	    -1.000	
   293.483	    -1.000	    -1.000	
   293.635	    -1.000	    -1.000	
   293.664	    -1.000	    -1.000	
   293.571	    -1.000	    -1.000	
   293.362	    -1.000	    -1.000	
   293.040	    -1.000	    -1.000	
   292.613	    -1.000	    -1.000	
   292.085	    -1.000	    -1.000	
   291.464	    -1.000	    -1.000	
   290.758	    -1.000	    -1.000	
   289.976	    -1.000	    -1.000	
   289.125	    -1.000	    -1.000	
   288.217	    -1.000	    -1.000	
   287.260	    -1.000	    -1.000	
   286.267	    -1.000	    -1.000	
   285.248	    -1.000	    -1.000	
   284.215	    -1.000	    -1.000	
   283.180	    -1.000	    -1.000	
   282.156	    -1.000	    -1.000	
   281.155	    -1.000	    -1.000	
   280.192	    -1.000	    -1.000	
   279.278	    -1.000	    -1.000	
   278.429	    -1.000	    -1.000	
   277.657	    -1.000	    -1.000	
   276.977	    -1.000	    -1.000	
   276.403	   355.585	    -1.000	
   275.949	   356.595	    -1.000	
   275.630	   358.503	    -1.000	
   275.460	   360.942	    -1.000	
   275.454	   363.809	    -1.000	
   275.628	   366.824	    -1.000	
   275.995	   370.171	    -1.000	
   276.573	   373.562	    -1.000	
   277.378	   377.824	    -1.000	
   278.432	   383.236	    -1.000	
   279.771	   387.137	    -1.000	
   281.435	   392.170	    -1.000	
   283.399	   395.566	    -1.000	
   284.686	   400.507	    -1.000	
   285.900	   405.050	    -1.000	
   286.638	   409.448	    -1.000	
   287.348	   413.463	    -1.000	
   288.054	   417.364	    -1.000	
   288.784	   421.182	    -1.000	
   289.529	   423.075	    -1.000	
   290.290	   424.857	    -1.000	
   291.081	   425.888	    -1.000	
   291.866	   426.872	    -1.000	
   292.662	   427.847	    -1.000	
   293.469	   428.850	    -1.000	
   294.288	   429.872	    -1.000	
   295.117	   430.913	    -1.000	
   295.958	   431.996	    -1.000	
   296.809	   433.067	    -1.000	
   297.672	   434.153	    -1.000	
   298.546	   435.254	    -1.000	
   299.433	   436.370	    -1.000	
   300.332	   437.500	    -1.000	
   301.246	   438.645	    -1.000	
   302.176	   439.804	    -1.000	
   303.125	   440.979	    -1.000	
   304.096	   442.169	    -1.000	
   305.094	   443.376	    -1.000	
   306.123	   444.600	    -1.000	
   307.191	   445.843	    -1.000	
   308.305	   447.109	    -1.000	
   309.472	   448.400	    -1.000	
   310.700	   449.721	    -1.000	
   311.995	   451.079	    -1.000	
   313.362	   452.479	    -1.000	
   314.802	   453.932	    -1.000	
   316.316	   455.446	    -1.000	
   317.900	   457.034	    -1.000	
   319.553	   458.705	    -1.000	
   321.272	   460.467	    -1.000	
   323.058	   462.327	    -1.000	
   324.911	   464.286	    -1.000	
   326.838	   466.345	    -1.000	
   328.844	   468.500	    -1.000	
   330.940	   470.749	    -1.000	
   333.136	   473.088	    -1.000	
   335.441	   475.517	    -1.000	
   337.863	   478.038	    -1.000	
   340.403	   480.659	    -1.000	
   343.061	   483.389	    -1.000	
   345.830	   486.240	    -1.000	
   348.705	   489.227	    -1.000	
   351.675	   492.363	    -1.000	
   354.733	   495.657	    -1.000	
   357.871	   499.113	    -1.000	
   361.081	   502.728	    -1.000	
   364.358	   506.496	    -1.000	
   367.696	   510.406	    -1.000	
   371.114	   514.447	    -1.000	
   374.558	   518.607	    -1.000	
   378.046	   522.876	    -1.000	
   381.577	   527.243	    -1.000	
   385.146	   531.701	    -1.000	
   388.748	   536.242	    -1.000	
   392.379	   540.892	    -1.000	
   396.032	   545.576	    -1.000	
   399.704	   550.322	    -1.000	
   403.387	   555.125	    -1.000	
   407.074	   559.980	    -1.000	
   410.758	   564.880	    -1.000	
   414.428	   569.819	    -1.000	
   418.072	   574.790	    -1.000	
   421.668	   579.784	    -1.000	
   425.240	   584.794	    -1.000	
   428.832	   589.811	   496.695	
   433.378	   594.822	   500.602	
   435.542	   599.814	   504.452	
   438.735	   604.770	   510.878	
   441.852	   609.662	   512.227	
   445.906	   614.521	   515.434	
   448.095	   619.401	   518.767	
   449.905	   625.593	   524.519	
   451.039	   628.537	   528.172	
   445.734	   632.881	   530.128	
   444.000	   637.119	   531.353	
   447.442	   642.636	   523.135	
   451.011	   645.613	   521.139	
   454.527	   648.076	   525.029	
   457.962	   649.619	   528.993	
   461.285	   642.403	   532.877	
   464.481	   640.043	   536.678	
   467.537	   644.725	   540.352	
   470.444	   649.581	   543.887	
   473.189	   654.364	   547.270	
   475.761	   659.037	   550.487	
   478.152	   663.558	   553.526	
   480.359	   667.905	   556.374	
   482.362	   672.063	   559.021	
   484.149	   676.017	   561.487	
   485.712	   679.751	   563.694	
   487.048	   683.250	   565.667	
   488.153	   686.503	   567.397	
   489.022	   689.505	   568.878	
   489.649	   692.230	   570.102	
   490.028	   694.661	   571.065	
   490.149	   696.787	   571.763	
   490.053	   698.605	   572.046	
   489.742	   700.109	   570.517	
   489.217	   701.290	   570.412	
   488.637	   702.144	   570.000	
   487.350	   702.659	   569.367	
   486.063	   702.823	   569.036	
   484.601	   702.694	   567.378	
   482.993	   702.270	   565.994	
   481.479	   701.556	   564.373	
   480.033	   700.766	   562.482	
   477.334	   699.016	   560.448	
   474.543	   697.264	   561.790	
   471.911	   695.276	   556.431	
   469.254	   693.088	   554.535	
   466.971	   691.029	   551.643	
   464.887	   689.062	   547.432	
   456.478	   685.390	   547.330	
   451.417	   681.594	   556.973	
   446.292	   678.013	   535.026	
   441.106	   674.398	   529.431	
   435.873	   671.258	   523.753	
   430.605	   668.457	   518.007	
   425.315	   657.019	   512.208	
   420.015	   650.133	   506.371	
   414.713	   643.162	   500.510	
   409.419	   636.107	   494.637	
   404.142	   628.988	   488.762	
   398.890	   621.822	   482.897	
   393.670	   614.626	   477.050	
   388.497	   607.414	   471.231	
   384.191	   600.202	   465.449	
   384.438	   593.001	   460.523	
   385.699	   585.822	   461.739	
   386.937	   578.677	   463.669	
   387.902	   571.576	   465.022	
   388.334	   564.537	   466.496	
   388.518	   557.985	   467.939	
   388.555	   550.670	   469.065	
   388.494	   543.846	   469.569	
   388.342	   537.126	   469.783	
   388.116	   530.528	   469.827	
   387.848	   524.075	   469.756	
   387.600	   517.795	   469.578	
   387.458	   511.712	   469.314	
   387.505	   505.849	   469.002	
   387.769	   500.218	   468.712	
   388.206	   494.824	   468.547	
   388.743	   489.664	   468.602	
   389.317	   484.732	   468.909	
   389.880	   480.024	   469.419	
   390.399	   475.539	   470.046	
   390.853	   471.280	   470.715	
   391.226	   467.252	   471.372	
   391.506	   463.497	   471.978	
   391.686	   459.931	   472.507	
   391.758	   456.588	   472.942	
   391.718	   453.457	   473.269	
   391.563	   450.522	   473.478	
   391.287	   447.769	   473.563	
   390.891	   445.184	   473.516	
   390.371	   442.759	   473.334	
   389.727	   440.481	   473.014	
   388.959	   438.314	   472.551	
   388.065	   436.203	   471.945	
   387.046	   434.123	   471.194	
   385.905	   432.007	   470.297	
   384.641	   429.824	   469.255	
   383.257	   427.549	   468.067	
   381.756	   425.161	   466.735	
   380.142	   422.650	   465.261	
   378.418	   420.018	   463.647	
   376.588	   417.279	   461.897	
   374.659	   414.447	   460.014	
   372.636	   411.547	   458.003	
   370.527	   408.591	   455.869	
   368.339	   405.580	   453.619	
   366.081	   402.506	   451.260	
   363.764	   399.359	   448.800	
   361.399	   396.132	   446.248	
   358.999	   392.830	   443.614	
   356.578	   389.470	   440.911	
   354.152	   386.141	   438.153	
