EV = zeros(2, 288, 3);
EV(:,   1, :) = [   139.013   -99.000   -99.000;   139.013   -99.000   -99.000;];
EV(:,   2, :) = [   140.294   -99.000   -99.000;   140.294   -99.000   -99.000;];
EV(:,   3, :) = [   141.505   -99.000   -99.000;   141.505   -99.000   -99.000;];
EV(:,   4, :) = [   142.643   -99.000   -99.000;   142.643   -99.000   -99.000;];
EV(:,   5, :) = [   143.702   -99.000   -99.000;   143.702   -99.000   -99.000;];
EV(:,   6, :) = [   144.680   -99.000   -99.000;   144.680   -99.000   -99.000;];
EV(:,   7, :) = [   145.572   -99.000   -99.000;   145.572   -99.000   -99.000;];
EV(:,   8, :) = [   146.374   -99.000   -99.000;   146.374   -99.000   -99.000;];
EV(:,   9, :) = [   147.083   -99.000   -99.000;   147.083   -99.000   -99.000;];
EV(:,  10, :) = [   147.695   -99.000   -99.000;   147.695   -99.000   -99.000;];
EV(:,  11, :) = [   148.208   -99.000   -99.000;   148.208   -99.000   -99.000;];
EV(:,  12, :) = [   148.620   -99.000   -99.000;   148.620   -99.000   -99.000;];
EV(:,  13, :) = [   148.927   -99.000   -99.000;   148.927   -99.000   -99.000;];
EV(:,  14, :) = [   149.130   -99.000   -99.000;   149.130   -99.000   -99.000;];
EV(:,  15, :) = [   149.225   -99.000   -99.000;   149.225   -99.000   -99.000;];
EV(:,  16, :) = [   149.213   -99.000   -99.000;   149.213   -99.000   -99.000;];
EV(:,  17, :) = [   149.093   -99.000   -99.000;   149.093   -99.000   -99.000;];
EV(:,  18, :) = [   148.866   -99.000   -99.000;   148.866   -99.000   -99.000;];
EV(:,  19, :) = [   148.531   -99.000   -99.000;   148.531   -99.000   -99.000;];
EV(:,  20, :) = [   148.090   -99.000   -99.000;   148.090   -99.000   -99.000;];
EV(:,  21, :) = [   147.545   -99.000   -99.000;   147.545   -99.000   -99.000;];
EV(:,  22, :) = [   146.897   -99.000   -99.000;   146.897   -99.000   -99.000;];
EV(:,  23, :) = [   146.150   -99.000   -99.000;   146.150   -99.000   -99.000;];
EV(:,  24, :) = [   145.305   -99.000   -99.000;   145.305   -99.000   -99.000;];
EV(:,  25, :) = [   144.366   -99.000   -99.000;   144.366   -99.000   -99.000;];
EV(:,  26, :) = [   143.338   -99.000   -99.000;   143.338   -99.000   -99.000;];
EV(:,  27, :) = [   142.222   -99.000   -99.000;   142.222   -99.000   -99.000;];
EV(:,  28, :) = [   141.025   -99.000   -99.000;   141.025   -99.000   -99.000;];
EV(:,  29, :) = [   139.751   -99.000   -99.000;   139.751   -99.000   -99.000;];
EV(:,  30, :) = [   138.403   -99.000   -99.000;   138.403   -99.000   -99.000;];
EV(:,  31, :) = [   136.988   -99.000   -99.000;   136.988   -99.000   -99.000;];
EV(:,  32, :) = [   135.509   -99.000   -99.000;   135.509   -99.000   -99.000;];
EV(:,  33, :) = [   133.973   -99.000   -99.000;   133.973   -99.000   -99.000;];
EV(:,  34, :) = [   132.385   -99.000   -99.000;   132.385   -99.000   -99.000;];
EV(:,  35, :) = [   130.749   -99.000   -99.000;   130.749   -99.000   -99.000;];
EV(:,  36, :) = [   129.071   -99.000   -99.000;   129.071   -99.000   -99.000;];
EV(:,  37, :) = [   127.356   139.770   -99.000;   127.356   139.770   -99.000;];
EV(:,  38, :) = [   125.610   138.735   -99.000;   125.610   138.735   -99.000;];
EV(:,  39, :) = [   123.836   138.275   -99.000;   123.836   138.275   -99.000;];
EV(:,  40, :) = [   122.041   138.133   -99.000;   122.041   138.133   -99.000;];
EV(:,  41, :) = [   120.228   138.211   -99.000;   120.228   138.211   -99.000;];
EV(:,  42, :) = [   118.403   138.459   -99.000;   118.403   138.459   -99.000;];
EV(:,  43, :) = [   116.570   138.850   -99.000;   116.570   138.850   -99.000;];
EV(:,  44, :) = [   114.732   139.360   -99.000;   114.732   139.360   -99.000;];
EV(:,  45, :) = [   112.895   139.978   -99.000;   112.895   139.978   -99.000;];
EV(:,  46, :) = [   111.062   140.701   -99.000;   111.062   140.701   -99.000;];
EV(:,  47, :) = [   109.237   141.517   -99.000;   109.237   141.517   -99.000;];
EV(:,  48, :) = [   107.422   142.419   -99.000;   107.422   142.419   -99.000;];
EV(:,  49, :) = [   105.623   143.405   -99.000;   105.623   143.405   -99.000;];
EV(:,  50, :) = [   103.841   144.472   -99.000;   103.841   144.472   -99.000;];
EV(:,  51, :) = [   102.079   145.618   -99.000;   102.079   145.618   -99.000;];
EV(:,  52, :) = [   100.342   146.836   -99.000;   100.342   146.836   -99.000;];
EV(:,  53, :) = [    98.630   148.119   -99.000;    98.630   148.119   -99.000;];
EV(:,  54, :) = [    96.947   149.469   -99.000;    96.947   149.469   -99.000;];
EV(:,  55, :) = [    95.296   150.888   -99.000;    95.296   150.888   -99.000;];
EV(:,  56, :) = [    93.679   152.367   -99.000;    93.679   152.367   -99.000;];
EV(:,  57, :) = [    92.098   153.905   -99.000;    92.098   153.905   -99.000;];
EV(:,  58, :) = [    90.555   155.503   -99.000;    90.555   155.503   -99.000;];
EV(:,  59, :) = [    89.054   157.164   -99.000;    89.054   157.164   -99.000;];
EV(:,  60, :) = [    87.596   158.888   -99.000;    87.596   158.888   -99.000;];
EV(:,  61, :) = [    86.184   160.689   -99.000;    86.184   160.689   -99.000;];
EV(:,  62, :) = [    84.820   162.569   -99.000;    84.820   162.569   -99.000;];
EV(:,  63, :) = [    83.507   164.539   -99.000;    83.507   164.539   -99.000;];
EV(:,  64, :) = [    82.248   166.600   -99.000;    82.248   166.600   -99.000;];
EV(:,  65, :) = [    81.046   168.752   -99.000;    81.046   168.752   -99.000;];
EV(:,  66, :) = [    79.904   170.978   -99.000;    79.904   170.978   -99.000;];
EV(:,  67, :) = [    78.827   173.252   -99.000;    78.827   173.252   -99.000;];
EV(:,  68, :) = [    77.818   175.517   -99.000;    77.818   175.517   -99.000;];
EV(:,  69, :) = [    76.882   177.678   -99.000;    76.882   177.678   -99.000;];
EV(:,  70, :) = [    76.023   179.559   -99.000;    76.023   179.559   -99.000;];
EV(:,  71, :) = [    75.245   180.808   -99.000;    75.245   180.808   -99.000;];
EV(:,  72, :) = [    74.550   181.012   -99.000;    74.550   181.012   -99.000;];
EV(:,  73, :) = [    73.936   180.868   -99.000;    73.936   180.868   -99.000;];
EV(:,  74, :) = [    73.394   180.694   -99.000;    73.394   180.694   -99.000;];
EV(:,  75, :) = [    72.915   180.510   -99.000;    72.915   180.510   -99.000;];
EV(:,  76, :) = [    72.486   180.308   -99.000;    72.486   180.308   -99.000;];
EV(:,  77, :) = [    72.093   180.084   -99.000;    72.093   180.084   -99.000;];
EV(:,  78, :) = [    71.724   179.833   -99.000;    71.724   179.833   -99.000;];
EV(:,  79, :) = [    71.367   179.554   -99.000;    71.367   179.554   -99.000;];
EV(:,  80, :) = [    71.011   179.248   -99.000;    71.011   179.248   -99.000;];
EV(:,  81, :) = [    70.647   178.916   -99.000;    70.647   178.916   -99.000;];
EV(:,  82, :) = [    70.270   178.558   -99.000;    70.270   178.558   -99.000;];
EV(:,  83, :) = [    69.872   178.174   -99.000;    69.872   178.174   -99.000;];
EV(:,  84, :) = [    69.453   177.759   -99.000;    69.453   177.759   -99.000;];
EV(:,  85, :) = [    69.022   177.307   -99.000;    69.022   177.307   -99.000;];
EV(:,  86, :) = [    68.613   176.812   -99.000;    68.613   176.812   -99.000;];
EV(:,  87, :) = [    68.299   176.266   -99.000;    68.299   176.266   -99.000;];
EV(:,  88, :) = [    68.134   175.664   -99.000;    68.134   175.664   -99.000;];
EV(:,  89, :) = [    68.124   175.000   -99.000;    68.124   175.000   -99.000;];
EV(:,  90, :) = [    68.248   174.269   -99.000;    68.248   174.269   -99.000;];
EV(:,  91, :) = [    68.485   173.480   -99.000;    68.485   173.480   -99.000;];
EV(:,  92, :) = [    68.821   172.695   -99.000;    68.821   172.695   -99.000;];
EV(:,  93, :) = [    69.241   172.062   -99.000;    69.241   172.062   -99.000;];
EV(:,  94, :) = [    69.737   171.718   -99.000;    69.737   171.718   -99.000;];
EV(:,  95, :) = [    70.301   171.688   -99.000;    70.301   171.688   -99.000;];
EV(:,  96, :) = [    70.926   171.936   -99.000;    70.926   171.936   -99.000;];
EV(:,  97, :) = [    71.608   172.414   -99.000;    71.608   172.414   -99.000;];
