fx = zeros(2, 288, 3);
fx(:,   1, :) = [  10000.0      nan      nan;  10000.0      nan      nan;];
fx(:,   2, :) = [  10000.0      nan      nan;  10000.0      nan      nan;];
fx(:,   3, :) = [  10000.0      nan      nan;  10000.0      nan      nan;];
fx(:,   4, :) = [  10000.0      nan      nan;  10000.0      nan      nan;];
fx(:,   5, :) = [  10000.0      nan      nan;  10000.0      nan      nan;];
fx(:,   6, :) = [  10000.0      nan      nan;  10000.0      nan      nan;];
fx(:,   7, :) = [  10000.0      nan      nan;  10000.0      nan      nan;];
fx(:,   8, :) = [  10000.0      nan      nan;  10000.0      nan      nan;];
fx(:,   9, :) = [  10000.0      nan      nan;  10000.0      nan      nan;];
fx(:,  10, :) = [  10000.0      nan      nan;  10000.0      nan      nan;];
fx(:,  11, :) = [  10000.0      nan      nan;  10000.0      nan      nan;];
fx(:,  12, :) = [  10000.0      nan      nan;  10000.0      nan      nan;];
fx(:,  13, :) = [  10000.0      nan      nan;  10000.0      nan      nan;];
fx(:,  14, :) = [  10000.0      nan      nan;  10000.0      nan      nan;];
fx(:,  15, :) = [  10000.0      nan      nan;  10000.0      nan      nan;];
fx(:,  16, :) = [  10000.0      nan      nan;  10000.0      nan      nan;];
fx(:,  17, :) = [  10000.0      nan      nan;  10000.0      nan      nan;];
fx(:,  18, :) = [  10000.0      nan      nan;  10000.0      nan      nan;];
fx(:,  19, :) = [  10000.0      nan      nan;  10000.0      nan      nan;];
fx(:,  20, :) = [  10000.0      nan      nan;  10000.0      nan      nan;];
fx(:,  21, :) = [  10000.0      nan      nan;  10000.0      nan      nan;];
fx(:,  22, :) = [  10000.0      nan      nan;  10000.0      nan      nan;];
fx(:,  23, :) = [  10000.0      nan      nan;  10000.0      nan      nan;];
fx(:,  24, :) = [  10000.1      nan      nan;  10000.1      nan      nan;];
fx(:,  25, :) = [  10000.1      nan      nan;  10000.1      nan      nan;];
fx(:,  26, :) = [  10000.1      nan      nan;  10000.1      nan      nan;];
fx(:,  27, :) = [  10000.1      nan      nan;  10000.1      nan      nan;];
fx(:,  28, :) = [  10000.1      nan      nan;  10000.1      nan      nan;];
fx(:,  29, :) = [  10000.1      nan      nan;  10000.1      nan      nan;];
fx(:,  30, :) = [  10000.1      nan      nan;  10000.1      nan      nan;];
fx(:,  31, :) = [  10000.1      nan      nan;  10000.1      nan      nan;];
fx(:,  32, :) = [  10000.1      nan      nan;  10000.1      nan      nan;];
fx(:,  33, :) = [  10000.1      nan      nan;  10000.1      nan      nan;];
fx(:,  34, :) = [  10000.1      nan      nan;  10000.1      nan      nan;];
fx(:,  35, :) = [  10000.1      nan      nan;  10000.1      nan      nan;];
fx(:,  36, :) = [  10000.1      nan      nan;  10000.1      nan      nan;];
fx(:,  37, :) = [  10000.1      nan      nan;  10000.1      nan      nan;];
fx(:,  38, :) = [  10000.1      nan      nan;  10000.1      nan      nan;];
fx(:,  39, :) = [  10000.1      nan      nan;  10000.1      nan      nan;];
fx(:,  40, :) = [  10000.1      nan      nan;  10000.1      nan      nan;];
fx(:,  41, :) = [  10000.1      nan      nan;  10000.1      nan      nan;];
fx(:,  42, :) = [  10000.1      nan      nan;  10000.1      nan      nan;];
fx(:,  43, :) = [  10000.1      nan      nan;  10000.2      nan      nan;];
fx(:,  44, :) = [  10000.1      nan      nan;  10000.2      nan      nan;];
fx(:,  45, :) = [  10000.1      nan      nan;  10000.2      nan      nan;];
fx(:,  46, :) = [  10000.1      nan      nan;  10000.2      nan      nan;];
fx(:,  47, :) = [  10000.1      nan      nan;  10000.2      nan      nan;];
fx(:,  48, :) = [  10000.1      nan      nan;  10000.2      nan      nan;];
fx(:,  49, :) = [  10000.1      nan      nan;  10000.2      nan      nan;];
fx(:,  50, :) = [  10000.1      nan      nan;  10000.2      nan      nan;];
fx(:,  51, :) = [  10000.2      nan      nan;  10000.2      nan      nan;];
fx(:,  52, :) = [  10000.2      nan      nan;  10000.2      nan      nan;];
fx(:,  53, :) = [  10000.2      nan      nan;  10000.2      nan      nan;];
fx(:,  54, :) = [  10000.2      nan      nan;  10000.2      nan      nan;];
fx(:,  55, :) = [  10000.2      nan      nan;  10000.2      nan      nan;];
fx(:,  56, :) = [  10000.2      nan      nan;  10000.2      nan      nan;];
fx(:,  57, :) = [  10000.2      nan      nan;  10000.2      nan      nan;];
fx(:,  58, :) = [  10000.2      nan      nan;  10000.2      nan      nan;];
fx(:,  59, :) = [  10000.2      nan      nan;  10000.2      nan      nan;];
fx(:,  60, :) = [  10000.2      nan      nan;  10000.2      nan      nan;];
fx(:,  61, :) = [  10000.2      nan      nan;  10000.2      nan      nan;];
fx(:,  62, :) = [  10000.2      nan      nan;  10000.2      nan      nan;];
fx(:,  63, :) = [  10000.2      nan      nan;  10000.2      nan      nan;];
fx(:,  64, :) = [  10000.2      nan      nan;  10000.2      nan      nan;];
fx(:,  65, :) = [  10000.2      nan      nan;  10000.2      nan      nan;];
fx(:,  66, :) = [  10000.2      nan      nan;  10000.2      nan      nan;];
fx(:,  67, :) = [  10000.2      nan      nan;  10000.2      nan      nan;];
fx(:,  68, :) = [  10000.2      nan      nan;  10000.2      nan      nan;];
fx(:,  69, :) = [  10000.2      nan      nan;  10000.2      nan      nan;];
fx(:,  70, :) = [  10000.2      nan      nan;  10000.2      nan      nan;];
fx(:,  71, :) = [  10000.2      nan      nan;  10000.2      nan      nan;];
fx(:,  72, :) = [  10000.2      nan      nan;  10000.2      nan      nan;];
fx(:,  73, :) = [  10000.2      0.0      nan;  10000.2      0.0      nan;];
fx(:,  74, :) = [  10000.2      0.0      nan;  10000.2      0.0      nan;];
fx(:,  75, :) = [  10000.2      0.0      nan;  10000.2      0.0      nan;];
fx(:,  76, :) = [  10000.2      0.0      nan;  10000.2      0.0      nan;];
fx(:,  77, :) = [  10000.2      0.0      nan;  10000.2      0.0      nan;];
fx(:,  78, :) = [  10000.2      0.0      nan;  10000.2      0.0      nan;];
fx(:,  79, :) = [  10000.2      0.0      nan;  10000.2      0.0      nan;];
fx(:,  80, :) = [  10000.2      0.0      nan;  10000.2      0.0      nan;];
fx(:,  81, :) = [  10000.2      0.0      nan;  10000.2      0.0      nan;];
fx(:,  82, :) = [  10000.2      0.0      nan;  10000.2      0.0      nan;];
fx(:,  83, :) = [  10000.2      0.0      nan;  10000.2      0.0      nan;];
fx(:,  84, :) = [  10000.2      0.0      nan;  10000.2      0.0      nan;];
fx(:,  85, :) = [  10000.2      0.0      nan;  10000.1      0.0      nan;];
fx(:,  86, :) = [  10000.2      0.0      nan;  10000.0      0.0      nan;];
fx(:,  87, :) = [  10000.1      0.0      nan;   9999.8      0.0      nan;];
fx(:,  88, :) = [  10000.1      0.0      nan;   9999.5      0.0      nan;];
fx(:,  89, :) = [  10000.1      0.0      nan;   9999.0      0.1      nan;];
fx(:,  90, :) = [  10000.0      0.0      nan;   9998.1      0.2      nan;];
fx(:,  91, :) = [   9999.8      0.0      nan;   9996.6      0.3      nan;];
fx(:,  92, :) = [   9999.6      0.0      nan;   9994.2      0.5      nan;];
fx(:,  93, :) = [   9999.1      0.1      nan;   9990.4      0.8      nan;];
fx(:,  94, :) = [   9998.4      0.1      nan;   9984.2      1.3      nan;];
fx(:,  95, :) = [   9997.3      0.2      nan;   9974.6      2.2      nan;];
fx(:,  96, :) = [   9995.5      0.4      nan;   9959.7      3.7      nan;];
fx(:,  97, :) = [   9992.5      0.6      nan;   9936.9      6.1      nan;];
fx(:,  98, :) = [   9988.0      1.1      nan;   9902.9     10.0      nan;];
fx(:,  99, :) = [   9980.8      1.8      nan;   9852.9     16.2      nan;];
fx(:, 100, :) = [   9969.8      2.9      nan;   9780.7     25.8      nan;];
fx(:, 101, :) = [   9953.2      4.8      nan;   9678.7     40.8      nan;];
fx(:, 102, :) = [   9928.2      7.7      nan;   9537.6     63.5      nan;];
fx(:, 103, :) = [   9891.5     12.3      nan;   9347.1     97.6      nan;];
fx(:, 104, :) = [   9838.3     19.4      nan;   9096.0    147.6      nan;];
