fx = zeros(2, 288, 3);
fx(:,   1, :) = [  10000.0      nan      nan;  10000.0      nan      nan;];
fx(:,   2, :) = [  10000.0      nan      nan;  10000.0      nan      nan;];
fx(:,   3, :) = [  10000.0      nan      nan;  10000.0      nan      nan;];
fx(:,   4, :) = [  10000.0      nan      nan;  10000.0      nan      nan;];
fx(:,   5, :) = [  10000.0      nan      nan;  10000.0      nan      nan;];
fx(:,   6, :) = [  10000.0      nan      nan;  10000.0      nan      nan;];
fx(:,   7, :) = [  10000.0      nan      nan;  10000.0      nan      nan;];
fx(:,   8, :) = [  10000.0      nan      nan;  10000.0      nan      nan;];
fx(:,   9, :) = [  10000.0      nan      nan;  10000.0      nan      nan;];
fx(:,  10, :) = [  10000.0      nan      nan;  10000.0      nan      nan;];
fx(:,  11, :) = [  10000.0      nan      nan;  10000.0      nan      nan;];
fx(:,  12, :) = [  10000.0      nan      nan;  10000.0      nan      nan;];
fx(:,  13, :) = [  10000.0      nan      nan;  10000.0      nan      nan;];
fx(:,  14, :) = [  10000.0      nan      nan;  10000.0      nan      nan;];
fx(:,  15, :) = [  10000.0      nan      nan;  10000.0      nan      nan;];
fx(:,  16, :) = [  10000.0      nan      nan;  10000.0      nan      nan;];
fx(:,  17, :) = [  10000.0      nan      nan;  10000.0      nan      nan;];
fx(:,  18, :) = [  10000.0      nan      nan;  10000.0      nan      nan;];
fx(:,  19, :) = [  10000.0      nan      nan;  10000.0      nan      nan;];
fx(:,  20, :) = [  10000.0      nan      nan;  10000.0      nan      nan;];
fx(:,  21, :) = [  10000.0      nan      nan;  10000.0      nan      nan;];
fx(:,  22, :) = [  10000.0      nan      nan;  10000.0      nan      nan;];
fx(:,  23, :) = [  10000.0      nan      nan;  10000.0      nan      nan;];
fx(:,  24, :) = [  10000.0      nan      nan;  10000.0      nan      nan;];
fx(:,  25, :) = [  10000.0      nan      nan;  10000.0      nan      nan;];
fx(:,  26, :) = [  10000.0      nan      nan;  10000.0      nan      nan;];
fx(:,  27, :) = [  10000.0      nan      nan;  10000.0      nan      nan;];
fx(:,  28, :) = [  10000.0      nan      nan;  10000.0      nan      nan;];
fx(:,  29, :) = [  10000.0      nan      nan;  10000.0      nan      nan;];
fx(:,  30, :) = [  10000.0      nan      nan;  10000.0      nan      nan;];
fx(:,  31, :) = [  10000.0      nan      nan;  10000.0      nan      nan;];
fx(:,  32, :) = [  10000.0      nan      nan;  10000.0      nan      nan;];
fx(:,  33, :) = [  10000.0      nan      nan;  10000.0      nan      nan;];
fx(:,  34, :) = [  10000.0      nan      nan;  10000.0      nan      nan;];
fx(:,  35, :) = [  10000.0      nan      nan;  10000.0      nan      nan;];
fx(:,  36, :) = [  10000.0      nan      nan;  10000.0      nan      nan;];
fx(:,  37, :) = [  10000.0      nan      nan;  10000.0      nan      nan;];
fx(:,  38, :) = [  10000.0      nan      nan;  10000.0      nan      nan;];
fx(:,  39, :) = [  10000.0      nan      nan;  10000.0      nan      nan;];
fx(:,  40, :) = [  10000.0      nan      nan;  10000.0      nan      nan;];
fx(:,  41, :) = [  10000.0      nan      nan;  10000.0      nan      nan;];
fx(:,  42, :) = [  10000.0      nan      nan;  10000.0      nan      nan;];
fx(:,  43, :) = [  10000.0      nan      nan;  10000.0      nan      nan;];
fx(:,  44, :) = [  10000.0      nan      nan;  10000.0      nan      nan;];
fx(:,  45, :) = [  10000.0      nan      nan;  10000.0      nan      nan;];
fx(:,  46, :) = [  10000.0      nan      nan;  10000.0      nan      nan;];
fx(:,  47, :) = [  10000.0      nan      nan;  10000.0      nan      nan;];
fx(:,  48, :) = [  10000.0      nan      nan;  10000.0      nan      nan;];
fx(:,  49, :) = [  10000.0      nan      nan;  10000.0      nan      nan;];
fx(:,  50, :) = [  10000.0      nan      nan;  10000.0      nan      nan;];
fx(:,  51, :) = [  10000.0      nan      nan;  10000.0      nan      nan;];
fx(:,  52, :) = [  10000.0      nan      nan;  10000.0      nan      nan;];
fx(:,  53, :) = [  10000.0      nan      nan;  10000.0      nan      nan;];
fx(:,  54, :) = [  10000.0      nan      nan;  10000.0      nan      nan;];
fx(:,  55, :) = [  10000.0      nan      nan;  10000.0      nan      nan;];
fx(:,  56, :) = [  10000.0      nan      nan;  10000.0      nan      nan;];
fx(:,  57, :) = [  10000.0      nan      nan;  10000.0      nan      nan;];
fx(:,  58, :) = [  10000.0      nan      nan;  10000.0      nan      nan;];
fx(:,  59, :) = [  10000.0      nan      nan;  10000.0      nan      nan;];
fx(:,  60, :) = [  10000.0      nan      nan;  10000.0      nan      nan;];
fx(:,  61, :) = [  10000.0      nan      nan;  10000.0      nan      nan;];
fx(:,  62, :) = [  10000.0      nan      nan;  10000.0      nan      nan;];
fx(:,  63, :) = [  10000.0      nan      nan;  10000.0      nan      nan;];
fx(:,  64, :) = [  10000.0      nan      nan;  10000.0      nan      nan;];
fx(:,  65, :) = [  10000.0      nan      nan;  10000.0      nan      nan;];
fx(:,  66, :) = [  10000.0      nan      nan;  10000.0      nan      nan;];
fx(:,  67, :) = [  10000.0      nan      nan;  10000.0      nan      nan;];
fx(:,  68, :) = [   9999.6      nan      nan;   9999.6      nan      nan;];
fx(:,  69, :) = [   9998.9      nan      nan;   9998.9      nan      nan;];
fx(:,  70, :) = [   9997.9      nan      nan;   9997.9      nan      nan;];
fx(:,  71, :) = [   9996.3      nan      nan;   9996.3      nan      nan;];
fx(:,  72, :) = [   9993.9      nan      nan;   9993.9      nan      nan;];
fx(:,  73, :) = [   9990.1      0.4      nan;   9990.1      0.4      nan;];
fx(:,  74, :) = [   9984.4      1.1      nan;   9984.4      1.1      nan;];
fx(:,  75, :) = [   9976.0      2.1      nan;   9976.0      2.1      nan;];
fx(:,  76, :) = [   9963.5      3.7      nan;   9963.5      3.7      nan;];
fx(:,  77, :) = [   9945.3      6.1      nan;   9945.3      6.1      nan;];
fx(:,  78, :) = [   9919.3      9.9      nan;   9919.3      9.9      nan;];
fx(:,  79, :) = [   9882.5     15.6      nan;   9882.5     15.6      nan;];
fx(:,  80, :) = [   9831.3     24.0      nan;   9831.3     24.0      nan;];
fx(:,  81, :) = [   9761.2     36.5      nan;   9761.2     36.5      nan;];
fx(:,  82, :) = [   9666.8     54.7      nan;   9666.8     54.7      nan;];
fx(:,  83, :) = [   9541.9     80.7      nan;   9541.9     80.7      nan;];
fx(:,  84, :) = [   9379.7    117.5      nan;   9379.7    117.5      nan;];
fx(:,  85, :) = [   9173.2    168.7      nan;   9173.2    168.7      nan;];
fx(:,  86, :) = [   8915.4    238.8      nan;   8915.4    238.8      nan;];
fx(:,  87, :) = [   8600.5    333.2      nan;   8600.5    333.2      nan;];
fx(:,  88, :) = [   8224.0    458.1      nan;   8224.0    458.1      nan;];
fx(:,  89, :) = [   7784.2    620.3      nan;   7784.2    620.3      nan;];
fx(:,  90, :) = [   7282.5    826.8      nan;   7282.5    826.8      nan;];
fx(:,  91, :) = [   6723.9   1084.6      nan;   6723.9   1084.6      nan;];
fx(:,  92, :) = [   6117.6   1399.5      nan;   6117.6   1399.5      nan;];
fx(:,  93, :) = [   5476.5   1776.0      nan;   5476.5   1776.0      nan;];
fx(:,  94, :) = [   4816.7   2215.8      nan;   4816.7   2215.8      nan;];
fx(:,  95, :) = [   4156.1   2717.5      nan;   4156.1   2717.5      nan;];
fx(:,  96, :) = [   3513.2   3276.1      nan;   3513.2   3276.1      nan;];
fx(:,  97, :) = [   2905.6   3882.4      nan;   2905.6   3882.4      nan;];
fx(:,  98, :) = [   2348.1   4523.5      nan;   2348.1   4523.5      nan;];
fx(:,  99, :) = [   1852.0   5183.3      nan;   1852.0   5183.3      nan;];
fx(:, 100, :) = [   1424.0   5843.9      nan;   1424.0   5843.9      nan;];
fx(:, 101, :) = [   1066.3   6486.8      nan;   1066.3   6486.8      nan;];
fx(:, 102, :) = [    776.8   7094.4      nan;    776.8   7094.4      nan;];
fx(:, 103, :) = [    550.1   7651.9      nan;    550.1   7651.9      nan;];
fx(:, 104, :) = [    378.3   8148.0      nan;    378.3   8148.0      nan;];
