fx = zeros(2, 288, 3);
fx(:,   1, :) = [  10000.0      nan      nan;  10000.0      nan      nan;];
fx(:,   2, :) = [  10000.0      nan      nan;  10000.0      nan      nan;];
fx(:,   3, :) = [  10000.0      nan      nan;  10000.0      nan      nan;];
fx(:,   4, :) = [  10000.0      nan      nan;  10000.0      nan      nan;];
fx(:,   5, :) = [  10000.0      nan      nan;  10000.1      nan      nan;];
fx(:,   6, :) = [  10000.0      nan      nan;  10000.1      nan      nan;];
fx(:,   7, :) = [  10000.0      nan      nan;  10000.1      nan      nan;];
fx(:,   8, :) = [  10000.0      nan      nan;  10000.1      nan      nan;];
fx(:,   9, :) = [  10000.0      nan      nan;  10000.1      nan      nan;];
fx(:,  10, :) = [  10000.0      nan      nan;  10000.1      nan      nan;];
fx(:,  11, :) = [  10000.0      nan      nan;  10000.1      nan      nan;];
fx(:,  12, :) = [  10000.0      nan      nan;  10000.1      nan      nan;];
fx(:,  13, :) = [  10000.0      nan      nan;  10000.1      nan      nan;];
fx(:,  14, :) = [  10000.0      nan      nan;  10000.2      nan      nan;];
fx(:,  15, :) = [  10000.0      nan      nan;  10000.2      nan      nan;];
fx(:,  16, :) = [  10000.0      nan      nan;  10000.2      nan      nan;];
fx(:,  17, :) = [  10000.0      nan      nan;  10000.2      nan      nan;];
fx(:,  18, :) = [  10000.0      nan      nan;  10000.2      nan      nan;];
fx(:,  19, :) = [  10000.0      nan      nan;  10000.2      nan      nan;];
fx(:,  20, :) = [  10000.0      nan      nan;  10000.2      nan      nan;];
fx(:,  21, :) = [  10000.0      nan      nan;  10000.2      nan      nan;];
fx(:,  22, :) = [  10000.0      nan      nan;  10000.3      nan      nan;];
fx(:,  23, :) = [  10000.0      nan      nan;  10000.3      nan      nan;];
fx(:,  24, :) = [  10000.0      nan      nan;  10000.3      nan      nan;];
fx(:,  25, :) = [  10000.0      nan      nan;  10000.3      nan      nan;];
fx(:,  26, :) = [  10000.0      nan      nan;  10000.3      nan      nan;];
fx(:,  27, :) = [  10000.0      nan      nan;  10000.3      nan      nan;];
fx(:,  28, :) = [  10000.0      nan      nan;  10000.3      nan      nan;];
fx(:,  29, :) = [  10000.0      nan      nan;  10000.3      nan      nan;];
fx(:,  30, :) = [  10000.0      nan      nan;  10000.3      nan      nan;];
fx(:,  31, :) = [  10000.0      nan      nan;  10000.3      nan      nan;];
fx(:,  32, :) = [  10000.0      nan      nan;  10000.3      nan      nan;];
fx(:,  33, :) = [  10000.0      nan      nan;  10000.4      nan      nan;];
fx(:,  34, :) = [  10000.0      nan      nan;  10000.4      nan      nan;];
fx(:,  35, :) = [  10000.0      nan      nan;  10000.4      nan      nan;];
fx(:,  36, :) = [  10000.0      nan      nan;  10000.4      nan      nan;];
fx(:,  37, :) = [  10000.0      nan      nan;  10000.4      nan      nan;];
fx(:,  38, :) = [  10000.0      nan      nan;  10000.4      nan      nan;];
fx(:,  39, :) = [  10000.0      nan      nan;  10000.4      nan      nan;];
fx(:,  40, :) = [  10000.0      nan      nan;  10000.4      nan      nan;];
fx(:,  41, :) = [  10000.0      nan      nan;  10000.4      nan      nan;];
fx(:,  42, :) = [  10000.0      nan      nan;  10000.4      nan      nan;];
fx(:,  43, :) = [  10000.0      nan      nan;  10000.4      nan      nan;];
fx(:,  44, :) = [  10000.0      nan      nan;  10000.4      nan      nan;];
fx(:,  45, :) = [  10000.0      nan      nan;  10000.4      nan      nan;];
fx(:,  46, :) = [  10000.0      nan      nan;  10000.4      nan      nan;];
fx(:,  47, :) = [  10000.0      nan      nan;  10000.4      nan      nan;];
fx(:,  48, :) = [  10000.0      nan      nan;  10000.4      nan      nan;];
fx(:,  49, :) = [  10000.0      nan      nan;  10000.4      nan      nan;];
fx(:,  50, :) = [  10000.0      nan      nan;  10000.4      nan      nan;];
fx(:,  51, :) = [  10000.0      nan      nan;  10000.5      nan      nan;];
fx(:,  52, :) = [  10000.0      nan      nan;  10000.5      nan      nan;];
fx(:,  53, :) = [  10000.0      nan      nan;  10000.5      nan      nan;];
fx(:,  54, :) = [  10000.0      nan      nan;  10000.5      nan      nan;];
fx(:,  55, :) = [  10000.0      nan      nan;  10000.5      nan      nan;];
fx(:,  56, :) = [  10000.0      nan      nan;  10000.5      nan      nan;];
fx(:,  57, :) = [  10000.0      nan      nan;  10000.5      nan      nan;];
fx(:,  58, :) = [  10000.0      nan      nan;  10000.5      nan      nan;];
fx(:,  59, :) = [  10000.0      nan      nan;  10000.5      nan      nan;];
fx(:,  60, :) = [  10000.0      nan      nan;  10000.5      nan      nan;];
fx(:,  61, :) = [  10000.0      nan      nan;  10000.5      nan      nan;];
fx(:,  62, :) = [  10000.0      nan      nan;  10000.5      nan      nan;];
fx(:,  63, :) = [  10000.0      nan      nan;  10000.5      nan      nan;];
fx(:,  64, :) = [  10000.0      nan      nan;  10000.5      nan      nan;];
fx(:,  65, :) = [  10000.0      nan      nan;  10000.5      nan      nan;];
fx(:,  66, :) = [  10000.0      nan      nan;  10000.5      nan      nan;];
fx(:,  67, :) = [  10000.0      nan      nan;  10000.5      nan      nan;];
fx(:,  68, :) = [   9999.9      nan      nan;  10000.4      nan      nan;];
fx(:,  69, :) = [   9999.8      nan      nan;  10000.3      nan      nan;];
fx(:,  70, :) = [   9999.6      nan      nan;  10000.1      nan      nan;];
fx(:,  71, :) = [   9999.4      nan      nan;   9999.9      nan      nan;];
fx(:,  72, :) = [   9999.0      nan      nan;   9999.5      nan      nan;];
fx(:,  73, :) = [   9998.5      0.1      nan;   9999.0      0.1      nan;];
fx(:,  74, :) = [   9997.7      0.2      nan;   9998.2      0.2      nan;];
fx(:,  75, :) = [   9996.6      0.4      nan;   9997.1      0.4      nan;];
fx(:,  76, :) = [   9994.9      0.6      nan;   9995.4      0.6      nan;];
fx(:,  77, :) = [   9992.5      1.0      nan;   9993.0      1.0      nan;];
fx(:,  78, :) = [   9989.1      1.5      nan;   9989.6      1.5      nan;];
fx(:,  79, :) = [   9984.2      2.3      nan;   9984.7      2.3      nan;];
fx(:,  80, :) = [   9977.2      3.4      nan;   9977.8      3.4      nan;];
fx(:,  81, :) = [   9967.5      5.1      nan;   9968.0      5.1      nan;];
fx(:,  82, :) = [   9953.8      7.5      nan;   9954.3      7.5      nan;];
fx(:,  83, :) = [   9934.8     10.9      nan;   9935.3     10.9      nan;];
fx(:,  84, :) = [   9908.7     15.8      nan;   9909.2     15.8      nan;];
fx(:,  85, :) = [   9873.1     22.8      nan;   9873.7     22.8      nan;];
fx(:,  86, :) = [   9825.2     32.5      nan;   9825.8     32.5      nan;];
fx(:,  87, :) = [   9761.4     46.2      nan;   9762.0     46.2      nan;];
fx(:,  88, :) = [   9677.5     65.2      nan;   9678.1     65.2      nan;];
fx(:,  89, :) = [   9568.5     91.3      nan;   9569.2     91.3      nan;];
fx(:,  90, :) = [   9429.0    126.9      nan;   9429.7    126.9      nan;];
fx(:,  91, :) = [   9253.1    174.8      nan;   9253.8    174.8      nan;];
fx(:,  92, :) = [   9034.7    238.6      nan;   9035.5    238.6      nan;];
fx(:,  93, :) = [   8768.5    322.5      nan;   8769.2    322.5      nan;];
fx(:,  94, :) = [   8449.5    431.5      nan;   8450.2    431.5      nan;];
fx(:,  95, :) = [   8074.6    571.0      nan;   8075.4    571.0      nan;];
fx(:,  96, :) = [   7642.9    746.9      nan;   7643.7    747.0      nan;];
fx(:,  97, :) = [   7156.1    965.3      nan;   7156.8    965.3      nan;];
fx(:,  98, :) = [   6619.1   1231.5      nan;   6619.7   1231.6      nan;];
fx(:,  99, :) = [   6040.0   1550.5      nan;   6040.6   1550.7      nan;];
fx(:, 100, :) = [   5430.3   1925.4      nan;   5430.9   1925.5      nan;];
fx(:, 101, :) = [   4804.0   2357.1      nan;   4804.5   2357.3      nan;];
fx(:, 102, :) = [   4176.6   2843.9      nan;   4177.0   2844.2      nan;];
fx(:, 103, :) = [   3564.2   3380.9      nan;   3564.6   3381.3      nan;];
fx(:, 104, :) = [   2982.3   3960.0      nan;   2982.6   3960.4      nan;];
