fx = zeros(2, 288, 3);
fx(:,   1, :) = [  10000.0      nan      nan;  10000.0      nan      nan;];
fx(:,   2, :) = [  10000.0      nan      nan;  10000.0      nan      nan;];
fx(:,   3, :) = [  10000.0      nan      nan;  10000.0      nan      nan;];
fx(:,   4, :) = [  10000.0      nan      nan;  10000.0      nan      nan;];
fx(:,   5, :) = [  10000.0      nan      nan;  10000.0      nan      nan;];
fx(:,   6, :) = [  10000.0      nan      nan;  10000.0      nan      nan;];
fx(:,   7, :) = [  10000.0      nan      nan;  10000.0      nan      nan;];
fx(:,   8, :) = [  10000.0      nan      nan;  10000.0      nan      nan;];
fx(:,   9, :) = [  10000.0      nan      nan;  10000.0      nan      nan;];
fx(:,  10, :) = [  10000.0      nan      nan;  10000.0      nan      nan;];
fx(:,  11, :) = [  10000.0      nan      nan;  10000.0      nan      nan;];
fx(:,  12, :) = [  10000.0      nan      nan;  10000.0      nan      nan;];
fx(:,  13, :) = [  10000.0      nan      nan;  10000.0      nan      nan;];
fx(:,  14, :) = [  10000.0      nan      nan;  10000.0      nan      nan;];
fx(:,  15, :) = [  10000.0      nan      nan;  10000.0      nan      nan;];
fx(:,  16, :) = [  10000.0      nan      nan;  10000.0      nan      nan;];
fx(:,  17, :) = [  10000.0      nan      nan;  10000.0      nan      nan;];
fx(:,  18, :) = [  10000.0      nan      nan;  10000.0      nan      nan;];
fx(:,  19, :) = [  10000.0      nan      nan;  10000.0      nan      nan;];
fx(:,  20, :) = [  10000.0      nan      nan;  10000.0      nan      nan;];
fx(:,  21, :) = [  10000.0      nan      nan;  10000.0      nan      nan;];
fx(:,  22, :) = [  10000.0      nan      nan;  10000.0      nan      nan;];
fx(:,  23, :) = [  10000.0      nan      nan;  10000.0      nan      nan;];
fx(:,  24, :) = [  10000.0      nan      nan;  10000.0      nan      nan;];
fx(:,  25, :) = [  10000.0      nan      nan;  10000.0      nan      nan;];
fx(:,  26, :) = [  10000.0      nan      nan;  10000.0      nan      nan;];
fx(:,  27, :) = [  10000.0      nan      nan;  10000.0      nan      nan;];
fx(:,  28, :) = [  10000.0      nan      nan;  10000.0      nan      nan;];
fx(:,  29, :) = [  10000.0      nan      nan;  10000.0      nan      nan;];
fx(:,  30, :) = [  10000.0      nan      nan;  10000.0      nan      nan;];
fx(:,  31, :) = [  10000.0      nan      nan;  10000.0      nan      nan;];
fx(:,  32, :) = [  10000.0      nan      nan;  10000.0      nan      nan;];
fx(:,  33, :) = [  10000.0      nan      nan;  10000.0      nan      nan;];
fx(:,  34, :) = [  10000.0      nan      nan;  10000.0      nan      nan;];
fx(:,  35, :) = [  10000.0      nan      nan;  10000.0      nan      nan;];
fx(:,  36, :) = [  10000.0      nan      nan;  10000.0      nan      nan;];
fx(:,  37, :) = [  10000.0      nan      nan;  10000.0      nan      nan;];
fx(:,  38, :) = [  10000.0      nan      nan;  10000.0      nan      nan;];
fx(:,  39, :) = [  10000.0      nan      nan;  10000.0      nan      nan;];
fx(:,  40, :) = [  10000.0      nan      nan;  10000.0      nan      nan;];
fx(:,  41, :) = [  10000.0      nan      nan;  10000.0      nan      nan;];
fx(:,  42, :) = [  10000.0      nan      nan;  10000.0      nan      nan;];
fx(:,  43, :) = [  10000.0      nan      nan;  10000.0      nan      nan;];
fx(:,  44, :) = [  10000.0      nan      nan;  10000.0      nan      nan;];
fx(:,  45, :) = [  10000.0      nan      nan;  10000.0      nan      nan;];
fx(:,  46, :) = [  10000.0      nan      nan;  10000.0      nan      nan;];
fx(:,  47, :) = [  10000.0      nan      nan;  10000.0      nan      nan;];
fx(:,  48, :) = [  10000.0      nan      nan;  10000.0      nan      nan;];
fx(:,  49, :) = [  10000.0      nan      nan;  10000.0      nan      nan;];
fx(:,  50, :) = [  10000.0      nan      nan;  10000.0      nan      nan;];
fx(:,  51, :) = [  10000.0      nan      nan;  10000.0      nan      nan;];
fx(:,  52, :) = [  10000.0      nan      nan;  10000.0      nan      nan;];
fx(:,  53, :) = [  10000.0      nan      nan;  10000.0      nan      nan;];
fx(:,  54, :) = [  10000.0      nan      nan;  10000.0      nan      nan;];
fx(:,  55, :) = [  10000.0      nan      nan;  10000.0      nan      nan;];
fx(:,  56, :) = [  10000.0      nan      nan;  10000.0      nan      nan;];
fx(:,  57, :) = [  10000.0      nan      nan;  10000.0      nan      nan;];
fx(:,  58, :) = [  10000.0      nan      nan;  10000.0      nan      nan;];
fx(:,  59, :) = [  10000.0      nan      nan;  10000.0      nan      nan;];
fx(:,  60, :) = [  10000.0      nan      nan;  10000.0      nan      nan;];
fx(:,  61, :) = [  10000.0      nan      nan;  10000.0      nan      nan;];
fx(:,  62, :) = [  10000.0      nan      nan;  10000.0      nan      nan;];
fx(:,  63, :) = [  10000.0      nan      nan;  10000.0      nan      nan;];
fx(:,  64, :) = [  10000.0      nan      nan;  10000.0      nan      nan;];
fx(:,  65, :) = [  10000.0      nan      nan;  10000.0      nan      nan;];
fx(:,  66, :) = [  10000.0      nan      nan;  10000.0      nan      nan;];
fx(:,  67, :) = [  10000.0      nan      nan;  10000.0      nan      nan;];
fx(:,  68, :) = [   9994.6      nan      nan;   9994.6      nan      nan;];
fx(:,  69, :) = [   9986.0      nan      nan;   9986.0      nan      nan;];
fx(:,  70, :) = [   9972.6      nan      nan;   9972.6      nan      nan;];
fx(:,  71, :) = [   9952.4      nan      nan;   9952.4      nan      nan;];
fx(:,  72, :) = [   9922.4      nan      nan;   9922.4      nan      nan;];
fx(:,  73, :) = [   9878.7      5.4      nan;   9878.7      5.4      nan;];
fx(:,  74, :) = [   9816.5     14.0      nan;   9816.5     14.0      nan;];
fx(:,  75, :) = [   9729.8     27.4      nan;   9729.8     27.4      nan;];
fx(:,  76, :) = [   9611.7     47.6      nan;   9611.7     47.6      nan;];
fx(:,  77, :) = [   9454.4     77.6      nan;   9454.4     77.6      nan;];
fx(:,  78, :) = [   9250.0    121.3      nan;   9250.0    121.3      nan;];
fx(:,  79, :) = [   8990.5    183.5      nan;   8990.5    183.5      nan;];
fx(:,  80, :) = [   8669.2    270.2      nan;   8669.2    270.2      nan;];
fx(:,  81, :) = [   8281.2    388.3      nan;   8281.2    388.3      nan;];
fx(:,  82, :) = [   7824.7    545.6      nan;   7824.7    545.6      nan;];
fx(:,  83, :) = [   7301.6    750.0      nan;   7301.6    750.0      nan;];
fx(:,  84, :) = [   6718.2   1009.5      nan;   6718.2   1009.5      nan;];
fx(:,  85, :) = [   6085.2   1330.8      nan;   6085.2   1330.8      nan;];
fx(:,  86, :) = [   5417.4   1718.8      nan;   5417.4   1718.8      nan;];
fx(:,  87, :) = [   4733.1   2175.3      nan;   4733.1   2175.3      nan;];
fx(:,  88, :) = [   4052.0   2698.4      nan;   4052.0   2698.4      nan;];
fx(:,  89, :) = [   3394.3   3281.8      nan;   3394.3   3281.8      nan;];
fx(:,  90, :) = [   2778.3   3914.8      nan;   2778.3   3914.8      nan;];
fx(:,  91, :) = [   2219.1   4582.6      nan;   2219.1   4582.6      nan;];
fx(:,  92, :) = [   1727.4   5266.9      nan;   1727.4   5266.9      nan;];
fx(:,  93, :) = [   1308.9   5948.0      nan;   1308.9   5948.0      nan;];
fx(:,  94, :) = [    964.3   6605.7      nan;    964.3   6605.7      nan;];
fx(:,  95, :) = [    690.0   7221.7      nan;    690.0   7221.7      nan;];
fx(:,  96, :) = [    479.0   7780.9      nan;    479.0   7780.9      nan;];
fx(:,  97, :) = [    322.3   8272.6      nan;    322.3   8272.6      nan;];
fx(:,  98, :) = [    210.0   8691.1      nan;    210.0   8691.1      nan;];
fx(:,  99, :) = [    132.4   9035.7      nan;    132.4   9035.7      nan;];
fx(:, 100, :) = [     80.7   9310.0      nan;     80.7   9310.0      nan;];
fx(:, 101, :) = [     47.5   9521.0      nan;     47.5   9521.0      nan;];
fx(:, 102, :) = [     27.0   9677.7      nan;     27.0   9677.7      nan;];
fx(:, 103, :) = [     14.8   9790.0      nan;     14.8   9790.0      nan;];
fx(:, 104, :) = [      7.8   9867.6      nan;      7.8   9867.6      nan;];
