fx = zeros(2, 288, 3);
fx(:,   1, :) = [  10000.0      nan      nan;  10000.0      nan      nan;];
fx(:,   2, :) = [  10000.0      nan      nan;  10000.0      nan      nan;];
fx(:,   3, :) = [  10000.0      nan      nan;  10000.0      nan      nan;];
fx(:,   4, :) = [  10000.0      nan      nan;  10000.0      nan      nan;];
fx(:,   5, :) = [  10000.0      nan      nan;  10000.0      nan      nan;];
fx(:,   6, :) = [  10000.0      nan      nan;  10000.0      nan      nan;];
fx(:,   7, :) = [  10000.0      nan      nan;  10000.0      nan      nan;];
fx(:,   8, :) = [  10000.0      nan      nan;  10000.0      nan      nan;];
fx(:,   9, :) = [  10000.0      nan      nan;  10000.0      nan      nan;];
fx(:,  10, :) = [  10000.0      nan      nan;  10000.0      nan      nan;];
fx(:,  11, :) = [  10000.0      nan      nan;  10000.0      nan      nan;];
fx(:,  12, :) = [  10000.0      nan      nan;  10000.0      nan      nan;];
fx(:,  13, :) = [  10000.0      nan      nan;  10000.0      nan      nan;];
fx(:,  14, :) = [  10000.0      nan      nan;  10000.0      nan      nan;];
fx(:,  15, :) = [  10000.0      nan      nan;  10000.0      nan      nan;];
fx(:,  16, :) = [  10000.0      nan      nan;  10000.0      nan      nan;];
fx(:,  17, :) = [  10000.0      nan      nan;  10000.0      nan      nan;];
fx(:,  18, :) = [  10000.0      nan      nan;  10000.0      nan      nan;];
fx(:,  19, :) = [  10000.0      nan      nan;  10000.0      nan      nan;];
fx(:,  20, :) = [  10000.0      nan      nan;  10000.0      nan      nan;];
fx(:,  21, :) = [  10000.0      nan      nan;  10000.0      nan      nan;];
fx(:,  22, :) = [  10000.0      nan      nan;  10000.0      nan      nan;];
fx(:,  23, :) = [  10000.0      nan      nan;  10000.0      nan      nan;];
fx(:,  24, :) = [  10000.0      nan      nan;  10000.0      nan      nan;];
fx(:,  25, :) = [  10000.0      nan      nan;  10000.0      nan      nan;];
fx(:,  26, :) = [  10000.0      nan      nan;  10000.0      nan      nan;];
fx(:,  27, :) = [  10000.0      nan      nan;  10000.0      nan      nan;];
fx(:,  28, :) = [  10000.0      nan      nan;  10000.0      nan      nan;];
fx(:,  29, :) = [  10000.0      nan      nan;  10000.0      nan      nan;];
fx(:,  30, :) = [  10000.0      nan      nan;  10000.0      nan      nan;];
fx(:,  31, :) = [  10000.0      nan      nan;  10000.0      nan      nan;];
fx(:,  32, :) = [  10000.0      nan      nan;  10000.0      nan      nan;];
fx(:,  33, :) = [  10000.0      nan      nan;  10000.0      nan      nan;];
fx(:,  34, :) = [  10000.0      nan      nan;  10000.0      nan      nan;];
fx(:,  35, :) = [  10000.0      nan      nan;  10000.0      nan      nan;];
fx(:,  36, :) = [  10000.0      nan      nan;  10000.0      nan      nan;];
fx(:,  37, :) = [  10000.0      nan      nan;  10000.0      nan      nan;];
fx(:,  38, :) = [  10000.0      nan      nan;  10000.0      nan      nan;];
fx(:,  39, :) = [  10000.0      nan      nan;  10000.0      nan      nan;];
fx(:,  40, :) = [  10000.0      nan      nan;  10000.0      nan      nan;];
fx(:,  41, :) = [  10000.0      nan      nan;  10000.0      nan      nan;];
fx(:,  42, :) = [  10000.0      nan      nan;  10000.0      nan      nan;];
fx(:,  43, :) = [  10000.0      nan      nan;  10000.0      nan      nan;];
fx(:,  44, :) = [  10000.0      nan      nan;  10000.0      nan      nan;];
fx(:,  45, :) = [  10000.0      nan      nan;  10000.0      nan      nan;];
fx(:,  46, :) = [  10000.0      nan      nan;  10000.0      nan      nan;];
fx(:,  47, :) = [  10000.0      nan      nan;  10000.0      nan      nan;];
fx(:,  48, :) = [  10000.0      nan      nan;  10000.0      nan      nan;];
fx(:,  49, :) = [  10000.0      nan      nan;  10000.0      nan      nan;];
fx(:,  50, :) = [  10000.0      nan      nan;  10000.0      nan      nan;];
fx(:,  51, :) = [  10000.0      nan      nan;  10000.0      nan      nan;];
fx(:,  52, :) = [  10000.0      nan      nan;  10000.0      nan      nan;];
fx(:,  53, :) = [  10000.0      nan      nan;  10000.0      nan      nan;];
fx(:,  54, :) = [  10000.0      nan      nan;  10000.0      nan      nan;];
fx(:,  55, :) = [  10000.0      nan      nan;  10000.0      nan      nan;];
fx(:,  56, :) = [  10000.0      nan      nan;  10000.0      nan      nan;];
fx(:,  57, :) = [  10000.0      nan      nan;  10000.0      nan      nan;];
fx(:,  58, :) = [  10000.0      nan      nan;  10000.0      nan      nan;];
fx(:,  59, :) = [  10000.0      nan      nan;  10000.0      nan      nan;];
fx(:,  60, :) = [  10000.0      nan      nan;  10000.0      nan      nan;];
fx(:,  61, :) = [  10000.0      nan      nan;  10000.0      nan      nan;];
fx(:,  62, :) = [  10000.0      nan      nan;  10000.0      nan      nan;];
fx(:,  63, :) = [  10000.0      nan      nan;  10000.0      nan      nan;];
fx(:,  64, :) = [  10000.0      nan      nan;  10000.0      nan      nan;];
fx(:,  65, :) = [  10000.0      nan      nan;  10000.0      nan      nan;];
fx(:,  66, :) = [  10000.0      nan      nan;  10000.0      nan      nan;];
fx(:,  67, :) = [  10000.0      nan      nan;  10000.0      nan      nan;];
fx(:,  68, :) = [  10000.0      nan      nan;  10000.0      nan      nan;];
fx(:,  69, :) = [  10000.0      nan      nan;  10000.0      nan      nan;];
fx(:,  70, :) = [  10000.0      nan      nan;  10000.0      nan      nan;];
fx(:,  71, :) = [  10000.0      nan      nan;  10000.0      nan      nan;];
fx(:,  72, :) = [  10000.0      nan      nan;  10000.0      nan      nan;];
fx(:,  73, :) = [  10000.0      0.0      nan;  10000.0      0.0      nan;];
fx(:,  74, :) = [  10000.0      0.0      nan;  10000.0      0.0      nan;];
fx(:,  75, :) = [  10000.0      0.0      nan;  10000.0      0.0      nan;];
fx(:,  76, :) = [  10000.0      0.0      nan;  10000.0      0.0      nan;];
fx(:,  77, :) = [  10000.0      0.0      nan;  10000.0      0.0      nan;];
fx(:,  78, :) = [  10000.0      0.0      nan;  10000.0      0.0      nan;];
fx(:,  79, :) = [  10000.0      0.0      nan;  10000.0      0.0      nan;];
fx(:,  80, :) = [  10000.0      0.0      nan;  10000.0      0.0      nan;];
fx(:,  81, :) = [  10000.0      0.0      nan;  10000.0      0.0      nan;];
fx(:,  82, :) = [  10000.0      0.0      nan;  10000.0      0.0      nan;];
fx(:,  83, :) = [  10000.0      0.0      nan;  10000.0      0.0      nan;];
fx(:,  84, :) = [  10000.0      0.0      nan;  10000.0      0.0      nan;];
fx(:,  85, :) = [   9999.9      0.0      nan;   9999.9      0.0      nan;];
fx(:,  86, :) = [   9939.8      0.0      nan;   9939.8      0.0      nan;];
fx(:,  87, :) = [   9441.1      0.0      nan;   9441.1      0.0      nan;];
fx(:,  88, :) = [   8464.3      0.0      nan;   8464.3      0.0      nan;];
fx(:,  89, :) = [   7142.5      0.0      nan;   7142.5      0.0      nan;];
fx(:,  90, :) = [   5664.8      0.1      nan;   5664.8      0.1      nan;];
fx(:,  91, :) = [   4221.0     60.2      nan;   4221.0     60.2      nan;];
fx(:,  92, :) = [   2955.3    558.9      nan;   2955.3    558.9      nan;];
fx(:,  93, :) = [   1940.5   1535.7      nan;   1940.5   1535.7      nan;];
fx(:,  94, :) = [   1194.9   2857.5      nan;   1194.9   2857.5      nan;];
fx(:,  95, :) = [    690.7   4335.2      nan;    690.7   4335.2      nan;];
fx(:,  96, :) = [    375.5   5779.0      nan;    375.5   5779.0      nan;];
fx(:,  97, :) = [    192.5   7044.7      nan;    192.5   7044.7      nan;];
fx(:,  98, :) = [     93.5   8059.5      nan;     93.5   8059.5      nan;];
fx(:,  99, :) = [     43.2   8805.1      nan;     43.2   8805.1      nan;];
fx(:, 100, :) = [     19.2   9309.3      nan;     19.2   9309.3      nan;];
fx(:, 101, :) = [      8.2   9624.5      nan;      8.2   9624.5      nan;];
fx(:, 102, :) = [      3.4   9807.5      nan;      3.4   9807.5      nan;];
fx(:, 103, :) = [      1.4   9906.5      nan;      1.4   9906.5      nan;];
fx(:, 104, :) = [      0.6   9956.8      nan;      0.6   9956.8      nan;];
