EW = zeros(288, 3, 3);
EW(  1, :, :) = [   251.42      nan      nan;      nan      nan      nan;      nan      nan      nan;];
EW(  2, :, :) = [   251.03      nan      nan;      nan      nan      nan;      nan      nan      nan;];
EW(  3, :, :) = [   250.63      nan      nan;      nan      nan      nan;      nan      nan      nan;];
EW(  4, :, :) = [   250.22      nan      nan;      nan      nan      nan;      nan      nan      nan;];
EW(  5, :, :) = [   249.79      nan      nan;      nan      nan      nan;      nan      nan      nan;];
EW(  6, :, :) = [   249.35      nan      nan;      nan      nan      nan;      nan      nan      nan;];
EW(  7, :, :) = [   248.91      nan      nan;      nan      nan      nan;      nan      nan      nan;];
EW(  8, :, :) = [   248.44      nan      nan;      nan      nan      nan;      nan      nan      nan;];
EW(  9, :, :) = [   247.97      nan      nan;      nan      nan      nan;      nan      nan      nan;];
EW( 10, :, :) = [   247.48      nan      nan;      nan      nan      nan;      nan      nan      nan;];
EW( 11, :, :) = [   246.98      nan      nan;      nan      nan      nan;      nan      nan      nan;];
EW( 12, :, :) = [   246.46      nan      nan;      nan      nan      nan;      nan      nan      nan;];
EW( 13, :, :) = [   245.93      nan      nan;      nan      nan      nan;      nan      nan      nan;];
EW( 14, :, :) = [   245.39      nan      nan;      nan      nan      nan;      nan      nan      nan;];
EW( 15, :, :) = [   244.83      nan      nan;      nan      nan      nan;      nan      nan      nan;];
EW( 16, :, :) = [   244.25      nan      nan;      nan      nan      nan;      nan      nan      nan;];
EW( 17, :, :) = [   243.66      nan      nan;      nan      nan      nan;      nan      nan      nan;];
EW( 18, :, :) = [   243.05      nan      nan;      nan      nan      nan;      nan      nan      nan;];
EW( 19, :, :) = [   242.43      nan      nan;      nan      nan      nan;      nan      nan      nan;];
EW( 20, :, :) = [   241.79      nan      nan;      nan      nan      nan;      nan      nan      nan;];
EW( 21, :, :) = [   241.13      nan      nan;      nan      nan      nan;      nan      nan      nan;];
EW( 22, :, :) = [   240.45      nan      nan;      nan      nan      nan;      nan      nan      nan;];
EW( 23, :, :) = [   239.75      nan      nan;      nan      nan      nan;      nan      nan      nan;];
EW( 24, :, :) = [   239.04      nan      nan;      nan      nan      nan;      nan      nan      nan;];
EW( 25, :, :) = [   238.31      nan      nan;      nan      nan      nan;      nan      nan      nan;];
EW( 26, :, :) = [   237.55      nan      nan;      nan      nan      nan;      nan      nan      nan;];
EW( 27, :, :) = [   236.78      nan      nan;      nan      nan      nan;      nan      nan      nan;];
EW( 28, :, :) = [   235.99      nan      nan;      nan      nan      nan;      nan      nan      nan;];
EW( 29, :, :) = [   235.17      nan      nan;      nan      nan      nan;      nan      nan      nan;];
EW( 30, :, :) = [   234.33      nan      nan;      nan      nan      nan;      nan      nan      nan;];
EW( 31, :, :) = [   233.48      nan      nan;      nan      nan      nan;      nan      nan      nan;];
EW( 32, :, :) = [   232.59      nan      nan;      nan      nan      nan;      nan      nan      nan;];
EW( 33, :, :) = [   231.69      nan      nan;      nan      nan      nan;      nan      nan      nan;];
EW( 34, :, :) = [   230.76      nan      nan;      nan      nan      nan;      nan      nan      nan;];
EW( 35, :, :) = [   229.81      nan      nan;      nan      nan      nan;      nan      nan      nan;];
EW( 36, :, :) = [   228.84      nan      nan;      nan      nan      nan;      nan      nan      nan;];
EW( 37, :, :) = [   227.84      nan      nan;      nan      nan      nan;      nan      nan      nan;];
EW( 38, :, :) = [   226.81      nan      nan;      nan      nan      nan;      nan      nan      nan;];
EW( 39, :, :) = [   225.76      nan      nan;      nan      nan      nan;      nan      nan      nan;];
EW( 40, :, :) = [   224.68      nan      nan;      nan      nan      nan;      nan      nan      nan;];
EW( 41, :, :) = [   223.58      nan      nan;      nan      nan      nan;      nan      nan      nan;];
EW( 42, :, :) = [   222.45      nan      nan;      nan      nan      nan;      nan      nan      nan;];
EW( 43, :, :) = [   221.29      nan      nan;      nan      nan      nan;      nan      nan      nan;];
EW( 44, :, :) = [   220.10      nan      nan;      nan      nan      nan;      nan      nan      nan;];
EW( 45, :, :) = [   218.88      nan      nan;      nan      nan      nan;      nan      nan      nan;];
EW( 46, :, :) = [   217.64      nan      nan;      nan      nan      nan;      nan      nan      nan;];
EW( 47, :, :) = [   216.36      nan      nan;      nan      nan      nan;      nan      nan      nan;];
EW( 48, :, :) = [   215.06      nan      nan;      nan      nan      nan;      nan      nan      nan;];
EW( 49, :, :) = [   213.72      nan      nan;      nan      nan      nan;      nan      nan      nan;];
EW( 50, :, :) = [   212.36      nan      nan;      nan      nan      nan;      nan      nan      nan;];
EW( 51, :, :) = [   210.96      nan      nan;      nan      nan      nan;      nan      nan      nan;];
EW( 52, :, :) = [   209.53      nan      nan;      nan      nan      nan;      nan      nan      nan;];
EW( 53, :, :) = [   208.06      nan      nan;      nan      nan      nan;      nan      nan      nan;];
EW( 54, :, :) = [   206.57      nan      nan;      nan      nan      nan;      nan      nan      nan;];
EW( 55, :, :) = [   205.04      nan      nan;      nan      nan      nan;      nan      nan      nan;];
EW( 56, :, :) = [   203.48      nan      nan;      nan      nan      nan;      nan      nan      nan;];
EW( 57, :, :) = [   201.88      nan      nan;      nan      nan      nan;      nan      nan      nan;];
EW( 58, :, :) = [   200.25      nan      nan;      nan      nan      nan;      nan      nan      nan;];
EW( 59, :, :) = [   198.59      nan      nan;      nan      nan      nan;      nan      nan      nan;];
EW( 60, :, :) = [   196.89      nan      nan;      nan      nan      nan;      nan      nan      nan;];
EW( 61, :, :) = [   195.16      nan      nan;      nan      nan      nan;      nan      nan      nan;];
EW( 62, :, :) = [   193.39      nan      nan;      nan      nan      nan;      nan      nan      nan;];
EW( 63, :, :) = [   191.58      nan      nan;      nan      nan      nan;      nan      nan      nan;];
EW( 64, :, :) = [   189.74      nan      nan;      nan      nan      nan;      nan      nan      nan;];
EW( 65, :, :) = [   187.87      nan      nan;      nan      nan      nan;      nan      nan      nan;];
EW( 66, :, :) = [   185.96      nan      nan;      nan      nan      nan;      nan      nan      nan;];
EW( 67, :, :) = [   184.01      nan      nan;      nan      nan      nan;      nan      nan      nan;];
EW( 68, :, :) = [   182.03      nan      nan;      nan      nan      nan;      nan      nan      nan;];
EW( 69, :, :) = [   180.01      nan      nan;      nan      nan      nan;      nan      nan      nan;];
EW( 70, :, :) = [   177.95      nan      nan;      nan      nan      nan;      nan      nan      nan;];
EW( 71, :, :) = [   175.86      nan      nan;      nan      nan      nan;      nan      nan      nan;];
EW( 72, :, :) = [   173.74      nan      nan;      nan      nan      nan;      nan      nan      nan;];
EW( 73, :, :) = [   171.58   127.66      nan;   127.66   106.49      nan;      nan      nan      nan;];
EW( 74, :, :) = [   169.38   127.81      nan;   127.81   109.85      nan;      nan      nan      nan;];
EW( 75, :, :) = [   167.15   127.98      nan;   127.98   113.29      nan;      nan      nan      nan;];
EW( 76, :, :) = [   164.89   128.18      nan;   128.18   116.80      nan;      nan      nan      nan;];
EW( 77, :, :) = [   162.59   128.40      nan;   128.40   120.39      nan;      nan      nan      nan;];
EW( 78, :, :) = [   160.26   128.65      nan;   128.65   124.05      nan;      nan      nan      nan;];
EW( 79, :, :) = [   157.89   128.93      nan;   128.93   127.79      nan;      nan      nan      nan;];
EW( 80, :, :) = [   155.50   129.23      nan;   129.23   131.60      nan;      nan      nan      nan;];
EW( 81, :, :) = [   153.07   129.57      nan;   129.57   135.48      nan;      nan      nan      nan;];
EW( 82, :, :) = [   150.61   129.93      nan;   129.93   139.43      nan;      nan      nan      nan;];
EW( 83, :, :) = [   148.12   130.33      nan;   130.33   143.45      nan;      nan      nan      nan;];
EW( 84, :, :) = [   145.61   130.77      nan;   130.77   147.53      nan;      nan      nan      nan;];
EW( 85, :, :) = [   143.06   131.24      nan;   131.24   151.67      nan;      nan      nan      nan;];
EW( 86, :, :) = [   140.49   131.75      nan;   131.75   155.87      nan;      nan      nan      nan;];
EW( 87, :, :) = [   137.90   132.29      nan;   132.29   160.13      nan;      nan      nan      nan;];
EW( 88, :, :) = [   135.28   132.88      nan;   132.88   164.44      nan;      nan      nan      nan;];
EW( 89, :, :) = [   132.64   133.51      nan;   133.51   168.79      nan;      nan      nan      nan;];
EW( 90, :, :) = [   129.98   134.17      nan;   134.17   173.19      nan;      nan      nan      nan;];
EW( 91, :, :) = [   127.30   134.88      nan;   134.88   177.63      nan;      nan      nan      nan;];
EW( 92, :, :) = [   124.60   135.63      nan;   135.63   182.11      nan;      nan      nan      nan;];
EW( 93, :, :) = [   121.88   136.41      nan;   136.41   186.61      nan;      nan      nan      nan;];
EW( 94, :, :) = [   119.15   137.32      nan;   137.32   191.14      nan;      nan      nan      nan;];
EW( 95, :, :) = [   116.41   139.01      nan;   139.01   195.69      nan;      nan      nan      nan;];
EW( 96, :, :) = [   113.66   142.06      nan;   142.06   200.26      nan;      nan      nan      nan;];
EW( 97, :, :) = [   110.90   145.65      nan;   145.65   204.83      nan;      nan      nan      nan;];
EW( 98, :, :) = [   108.14   149.42      nan;   149.42   209.40      nan;      nan      nan      nan;];
EW( 99, :, :) = [   106.61   153.25      nan;   153.25   213.97      nan;      nan      nan      nan;];
EW(100, :, :) = [   108.62   157.13      nan;   157.13   218.52      nan;      nan      nan      nan;];
EW(101, :, :) = [   111.52   161.03      nan;   161.03   223.06      nan;      nan      nan      nan;];
EW(102, :, :) = [   114.64   164.92      nan;   164.92   227.57      nan;      nan      nan      nan;];
EW(103, :, :) = [   117.81   168.81      nan;   168.81   232.05      nan;      nan      nan      nan;];
EW(104, :, :) = [   121.01   172.68      nan;   172.68   236.48      nan;      nan      nan      nan;];
EW(105, :, :) = [   124.19   176.53      nan;   176.53   240.87      nan;      nan      nan      nan;];
EW(106, :, :) = [   127.34   180.34      nan;   180.34   245.20      nan;      nan      nan      nan;];
EW(107, :, :) = [   130.45   184.11      nan;   184.11   249.46      nan;      nan      nan      nan;];
EW(108, :, :) = [   133.52   187.83      nan;   187.83   253.66      nan;      nan      nan      nan;];
EW(109, :, :) = [   136.54   191.50      nan;   191.50   257.77      nan;      nan      nan      nan;];
EW(110, :, :) = [   139.49   195.10      nan;   195.10   261.80      nan;      nan      nan      nan;];
EW(111, :, :) = [   142.38   198.63      nan;   198.63   265.73      nan;      nan      nan      nan;];
EW(112, :, :) = [   145.19   202.09      nan;   202.09   269.57      nan;      nan      nan      nan;];
EW(113, :, :) = [   147.92   205.46      nan;   205.46   273.29      nan;      nan      nan      nan;];
EW(114, :, :) = [   150.57   208.75      nan;   208.75   276.89      nan;      nan      nan      nan;];
EW(115, :, :) = [   153.12   211.93      nan;   211.93   280.37      nan;      nan      nan      nan;];
EW(116, :, :) = [   155.59   215.02      nan;   215.02   283.73      nan;      nan      nan      nan;];
EW(117, :, :) = [   157.95   218.00      nan;   218.00   286.95      nan;      nan      nan      nan;];
EW(118, :, :) = [   160.22   220.87      nan;   220.87   290.03      nan;      nan      nan      nan;];
EW(119, :, :) = [   162.38   223.63      nan;   223.63   292.97      nan;      nan      nan      nan;];
EW(120, :, :) = [   164.44   226.26      nan;   226.26   295.77      nan;      nan      nan      nan;];
EW(121, :, :) = [   166.39   228.78   166.39;   228.78   298.43   228.77;   166.39   228.77   166.39;];
EW(122, :, :) = [   168.25   231.19   168.24;   231.19   300.95   231.18;   168.24   231.18   168.24;];
EW(123, :, :) = [   170.00   233.47   170.00;   233.47   303.33   233.46;   170.00   233.46   170.00;];
EW(124, :, :) = [   171.66   235.65   171.66;   235.65   305.59   235.64;   171.66   235.64   171.66;];
EW(125, :, :) = [   173.24   237.73   173.24;   237.73   307.74   237.72;   173.24   237.72   173.24;];
EW(126, :, :) = [   174.75   239.71   174.75;   239.71   309.80   239.70;   174.75   239.70   174.75;];
EW(127, :, :) = [   176.20   241.62   176.20;   241.62   311.78   241.61;   176.20   241.61   176.20;];
EW(128, :, :) = [   177.63   243.47   177.63;   243.47   313.71   243.46;   177.63   243.46   177.63;];
EW(129, :, :) = [   179.03   245.28   179.03;   245.28   315.63   245.28;   179.03   245.28   179.03;];
EW(130, :, :) = [   180.45   247.08   180.45;   247.08   317.55   247.07;   180.45   247.07   180.45;];
EW(131, :, :) = [   181.88   248.86   181.88;   248.86   319.49   248.85;   181.88   248.85   181.88;];
EW(132, :, :) = [   183.31   250.62   183.31;   250.62   321.45   250.61;   183.31   250.61   183.31;];
EW(133, :, :) = [   184.74   252.34   184.74;   252.34   323.39   252.34;   184.74   252.34   184.74;];
EW(134, :, :) = [   186.12   253.98   186.12;   253.98   325.27   253.98;   186.12   253.98   186.12;];
EW(135, :, :) = [   187.42   255.52   187.42;   255.52   327.04   255.52;   187.42   255.52   187.42;];
EW(136, :, :) = [   188.62   256.92   188.62;   256.92   328.67   256.92;   188.62   256.92   188.62;];
EW(137, :, :) = [   189.69   258.16   189.69;   258.16   330.12   258.16;   189.69   258.16   189.69;];
EW(138, :, :) = [   190.61   259.22   190.61;   259.22   331.38   259.22;   190.61   259.22   190.61;];
EW(139, :, :) = [   191.39   260.10   191.39;   260.10   332.43   260.10;   191.39   260.10   191.39;];
EW(140, :, :) = [   192.00   260.78   191.99;   260.78   333.26   260.78;   191.99   260.78   191.99;];
EW(141, :, :) = [   192.44   261.26   192.44;   261.26   333.86   261.26;   192.44   261.26   192.44;];
EW(142, :, :) = [   192.71   261.54   192.71;   261.54   334.23   261.54;   192.71   261.54   192.71;];
EW(143, :, :) = [   192.80   261.60   192.80;   261.60   334.35   261.60;   192.80   261.60   192.80;];
EW(144, :, :) = [   192.71   261.46   192.71;   261.46   334.24   261.45;   192.71   261.45   192.71;];
EW(145, :, :) = [   192.45   261.10   192.45;   261.10   333.88   261.10;   192.45   261.10   192.45;];
EW(146, :, :) = [   192.01   260.53   192.01;   260.53   333.28   260.52;   192.01   260.52   192.01;];
EW(147, :, :) = [   191.39   259.74   191.39;   259.74   332.43   259.74;   191.39   259.74   191.39;];
EW(148, :, :) = [   190.59   258.75   190.59;   258.75   331.34   258.75;   190.59   258.75   190.59;];
EW(149, :, :) = [   189.61   257.55   189.61;   257.55   330.02   257.55;   189.61   257.55   189.61;];
EW(150, :, :) = [   188.46   256.14   188.46;   256.14   328.45   256.14;   188.46   256.14   188.46;];
EW(151, :, :) = [   187.14   254.54   187.14;   254.54   326.66   254.53;   187.14   254.53   187.14;];
EW(152, :, :) = [   185.65   252.73   185.65;   252.73   324.63   252.73;   185.65   252.73   185.65;];
EW(153, :, :) = [   184.00   250.74   184.00;   250.74   322.39   250.74;   184.00   250.74   184.00;];
EW(154, :, :) = [   182.19   248.56   182.19;   248.56   319.92   248.55;   182.19   248.55   182.19;];
EW(155, :, :) = [   180.23   246.20   180.23;   246.20   317.25   246.19;   180.23   246.19   180.23;];
EW(156, :, :) = [   178.12   243.67   178.12;   243.67   314.38   243.66;   178.12   243.66   178.12;];
EW(157, :, :) = [   175.87   240.97   175.87;   240.97   311.32   240.96;   175.87   240.96   175.87;];
EW(158, :, :) = [   173.48   238.11   173.48;   238.11   308.07   238.10;   173.48   238.10   173.48;];
EW(159, :, :) = [   170.96   235.10   170.96;   235.10   304.64   235.09;   170.96   235.09   170.96;];
EW(160, :, :) = [   168.31   231.95   168.31;   231.95   301.04   231.94;   168.31   231.94   168.31;];
EW(161, :, :) = [   165.56   228.67   165.56;   228.67   297.29   228.66;   165.56   228.66   165.56;];
EW(162, :, :) = [   162.69   225.26   162.69;   225.26   293.39   225.24;   162.69   225.24   162.69;];
EW(163, :, :) = [   159.72   221.73   159.72;   221.73   289.35   221.71;   159.72   221.71   159.72;];
EW(164, :, :) = [   156.66   218.10   156.66;   218.10   285.19   218.08;   156.66   218.08   156.66;];
EW(165, :, :) = [   153.51   214.36   153.51;   214.36   280.91   214.34;   153.51   214.34   153.51;];
EW(166, :, :) = [   150.29   210.54   150.28;   210.54   276.51   210.51;   150.28   210.51   150.28;];
EW(167, :, :) = [   146.99   206.64   146.98;   206.64   272.03   206.60;   146.98   206.60   146.98;];
EW(168, :, :) = [   143.63   202.66   143.62;   202.66   267.45   202.62;   143.62   202.62   143.62;];
EW(169, :, :) = [   140.21   198.63   140.20;   198.63   262.80   198.57;   140.20   198.57   140.20;];
EW(170, :, :) = [   136.74   194.54   136.74;   194.54   258.08   194.47;   136.74   194.47   136.73;];
EW(171, :, :) = [   133.24   190.40   133.23;   190.40   253.31   190.32;   133.23   190.32   133.22;];
EW(172, :, :) = [   129.69   186.23   129.68;   186.23   248.48   186.14;   129.68   186.13   129.68;];
EW(173, :, :) = [   126.13   182.04   126.11;   182.04   243.62   181.92;   126.11   181.92   126.11;];
EW(174, :, :) = [   122.54   177.83   122.52;   177.83   238.74   177.68;   122.52   177.68   122.51;];
EW(175, :, :) = [   118.95   173.62   118.91;   173.62   233.83   173.42;   118.91   173.42   118.91;];
EW(176, :, :) = [   115.35   169.41   115.30;   169.41   228.91   169.16;   115.30   169.16   115.29;];
EW(177, :, :) = [   111.76   165.22   111.69;   165.22   223.98   164.90;   111.68   164.90   111.67;];
EW(178, :, :) = [   108.18   161.07   108.08;   161.07   219.06   160.64;   108.07   160.64   108.05;];
EW(179, :, :) = [   104.67   156.97   104.48;   156.97   214.16   156.40;   104.48   156.40   104.45;];
EW(180, :, :) = [   103.12   152.99   100.90;   152.99   209.27   152.18;   100.90   152.17   100.86;];
EW(181, :, :) = [   105.61   149.22    97.35;   149.22   204.41   147.98;    97.35   147.97    97.29;];
EW(182, :, :) = [   108.27   145.96    94.00;   145.96   199.58   143.81;    93.99   143.80    93.74;];
EW(183, :, :) = [   110.92   143.88    94.27;   143.88   194.79   139.68;    94.26   139.67    90.22;];
EW(184, :, :) = [   113.56   142.76    96.74;   142.76   190.04   135.59;    96.74   135.58    86.76;];
EW(185, :, :) = [   116.19   141.79    99.25;   141.79   185.34   131.55;    99.24   131.54    85.50;];
EW(186, :, :) = [   118.80   140.86   101.74;   140.86   180.70   127.70;   101.73   127.68    87.75;];
EW(187, :, :) = [   121.40   139.96   104.21;   139.96   176.11   124.97;   104.21   124.95    90.09;];
EW(188, :, :) = [   123.98   139.10   106.68;   139.10   171.58   123.69;   106.67   123.67    92.42;];
EW(189, :, :) = [   126.55   138.27   109.12;   138.27   167.13   122.70;   109.11   122.67    94.96;];
EW(190, :, :) = [   129.09   137.46   111.55;   137.46   162.74   121.75;   111.54   121.73   103.12;];
EW(191, :, :) = [   131.61   136.70   113.95;   136.70   158.42   120.84;   113.95   120.82   113.67;];
EW(192, :, :) = [   134.10   135.96   116.34;   135.96   154.18   119.96;   116.33   119.94   124.68;];
EW(193, :, :) = [   136.58   135.26   118.71;   135.26   150.01   119.12;   118.70   119.10   136.07;];
EW(194, :, :) = [   139.03   134.59   124.47;   134.59   145.93   118.31;   124.22   118.29   147.79;];
EW(195, :, :) = [   141.45   133.96   135.31;   133.96   141.92   117.54;   135.06   117.52   159.77;];
EW(196, :, :) = [   143.84   133.35   146.39;   133.35   138.00   116.80;   146.15   116.78   171.97;];
EW(197, :, :) = [   147.57   132.78   157.65;   132.78   134.16   116.12;   157.43   116.10   184.35;];
EW(198, :, :) = [   158.36   132.25   169.05;   132.25   130.40   121.87;   168.86   121.66   196.88;];
EW(199, :, :) = [   169.72   131.74   180.58;   131.74   126.73   131.45;   180.43   131.45   209.55;];
EW(200, :, :) = [   181.23   133.54   192.23;   133.50   123.14   141.18;   192.15   141.43   222.35;];
EW(201, :, :) = [   192.89   141.44   204.03;   141.43   121.80   151.03;   204.01   151.60   235.29;];
EW(202, :, :) = [   204.71   150.29   215.99;   150.34   130.08   161.05;   216.07   162.00   248.41;];
EW(203, :, :) = [   216.76   159.45   228.18;   159.59   139.63   171.26;   228.37   172.67   261.77;];
EW(204, :, :) = [   229.12   168.91   240.68;   169.15   149.59   181.75;   241.01   183.71   275.46;];
EW(205, :, :) = [   241.88   178.69   253.60;   179.06   159.95   192.58;   254.10   195.20   289.61;];
EW(206, :, :) = [   255.14   188.85   267.01;   189.37   170.73   203.84;   267.71   207.22   304.30;];
EW(207, :, :) = [   268.91   199.40   280.95;   200.09   181.94   215.53;   281.89   219.80   319.56;];
EW(208, :, :) = [   283.19   210.32   295.39;   211.22   193.56   227.64;   296.62   232.92   335.38;];
EW(209, :, :) = [   297.93   221.59   310.31;   222.73   205.57   240.15;   311.87   246.57   351.72;];
EW(210, :, :) = [   313.10   233.19   325.66;   234.58   217.92   253.00;   327.59   260.70   368.53;];
EW(211, :, :) = [   328.61   245.07   341.36;   246.74   230.56   266.14;   343.72   275.26   385.72;];
EW(212, :, :) = [   344.40   257.26   357.33;   259.12   243.42   279.50;   360.17   290.14   403.21;];
EW(213, :, :) = [   360.34   269.87   373.46;   271.65   256.40   292.97;   376.83   305.25   420.88;];
EW(214, :, :) = [   376.32   282.99   389.63;   284.24   269.41   306.46;   393.57   320.46   438.58;];
EW(215, :, :) = [   392.17   296.37   405.66;   296.76   282.33   319.82;   410.23   335.59   456.15;];
EW(216, :, :) = [   407.74   309.64   421.40;   309.08   295.01   332.93;   426.62   350.47   473.39;];
EW(217, :, :) = [   422.82   322.53   436.66;   321.05   307.29   345.61;   442.55   364.88   490.11;];
EW(218, :, :) = [   437.23   334.82   451.23;   332.52   319.03   357.69;   457.79   378.61   506.07;];
EW(219, :, :) = [   450.77   346.29   464.91;   343.33   330.06   369.03;   472.14   391.43   521.08;];
EW(220, :, :) = [   463.28   356.78   477.55;   353.33   340.25   379.47;   485.40   403.17   534.94;];
EW(221, :, :) = [   474.70   366.19   489.08;   362.48   349.55   388.97;   497.51   413.70   547.59;];
EW(222, :, :) = [   485.22   374.62   499.70;   370.88   358.12   397.67;   508.61   423.14   559.25;];
EW(223, :, :) = [   495.09   382.22   509.64;   378.71   366.16   405.79;   518.94   431.66   570.19;];
EW(224, :, :) = [   503.62   388.45   518.21;   385.45   373.10   412.74;   527.79   438.67   579.63;];
EW(225, :, :) = [   508.80   391.86   523.42;   389.61   377.32   416.91;   533.14   442.54   585.38;];
EW(226, :, :) = [   508.83   391.12   523.45;   389.86   377.35   416.81;   533.17   441.81   585.41;];
EW(227, :, :) = [   502.79   385.59   517.39;   385.52   372.43   411.72;   526.97   435.76   578.72;];
EW(228, :, :) = [   490.50   375.17   505.04;   376.46   362.41   401.46;   514.36   424.29   565.09;];
EW(229, :, :) = [   472.27   360.16   486.75;   362.94   347.57   386.33;   495.67   407.72   544.90;];
EW(230, :, :) = [   448.83   341.23   463.21;   345.49   328.47   366.90;   471.65   386.68   518.92;];
EW(231, :, :) = [   421.15   319.62   435.42;   324.84   305.93   343.97;   443.29   362.04   488.25;];
EW(232, :, :) = [   390.36   296.61   404.50;   301.85   280.85   318.48;   411.74   334.78   454.13;];
EW(233, :, :) = [   357.63   272.57   371.63;   277.40   254.19   291.38;   378.21   305.91   417.87;];
EW(234, :, :) = [   324.10   247.98   337.94;   252.32   226.88   263.60;   343.85   276.39   380.72;];
EW(235, :, :) = [   290.77   223.54   304.44;   227.39   199.73   235.96;   309.67   247.09   343.78;];
EW(236, :, :) = [   258.51   199.86   271.96;   203.23   173.42   209.16;   276.55   218.72   308.00;];
EW(237, :, :) = [   228.20   177.43   241.17;   180.36   148.49   183.72;   245.16   191.84   274.07;];
EW(238, :, :) = [   217.06   159.99   212.52;   160.33   125.30   160.02;   216.01   166.83   242.52;];
EW(239, :, :) = [   218.22   160.97   197.04;   160.97   107.48   138.51;   197.27   143.94   213.64;];
EW(240, :, :) = [   219.36   161.96   198.12;   161.96   108.28   137.69;   198.26   137.72   187.58;];
EW(241, :, :) = [   220.47   162.94   199.19;   162.94   109.10   138.53;   199.27   138.54   179.99;];
EW(242, :, :) = [   221.57   163.90   200.23;   163.90   109.91   139.34;   200.28   139.36   180.60;];
EW(243, :, :) = [   222.65   164.84   201.26;   164.84   110.70   140.15;   201.29   140.15   181.49;];
EW(244, :, :) = [   223.70   165.76   202.27;   165.76   111.47   140.94;   202.29   140.94   182.41;];
EW(245, :, :) = [   224.74   166.67   203.26;   166.67   112.23   141.71;   203.27   141.71   183.34;];
EW(246, :, :) = [   225.76   167.55   204.23;   167.55   112.98   142.47;   204.24   142.47   184.25;];
EW(247, :, :) = [   226.76   168.42   205.18;   168.42   113.71   143.22;   205.18   143.22   185.15;];
EW(248, :, :) = [   227.73   169.27   206.11;   169.27   114.43   143.95;   206.11   143.95   186.03;];
EW(249, :, :) = [   228.69   170.10   207.03;   170.10   115.14   144.66;   207.03   144.66   186.89;];
EW(250, :, :) = [   229.63   170.92   207.92;   170.92   115.82   145.36;   207.92   145.36   187.74;];
EW(251, :, :) = [   230.55   171.72   208.80;   171.72   116.50   146.05;   208.80   146.05   188.57;];
EW(252, :, :) = [   231.45   172.50   209.66;   172.50   117.16   146.73;   209.66   146.73   189.38;];
EW(253, :, :) = [   232.33   173.26   210.50;   173.26   117.81   147.38;   210.49   147.38   190.18;];
EW(254, :, :) = [   233.17   174.00   211.30;   174.00   118.43   148.02;   211.30   148.02   190.94;];
EW(255, :, :) = [   234.00   174.72   212.09;   174.72   119.04   148.64;   212.09   148.64   191.69;];
EW(256, :, :) = [   234.82   175.43   212.87;   175.43   119.63   149.25;   212.87   149.25   192.42;];
EW(257, :, :) = [   235.61   176.12   213.63;   176.12   120.22   149.85;   213.63   149.85   193.14;];
EW(258, :, :) = [   236.39   176.79   214.38;   176.79   120.79   150.44;   214.37   150.44   193.85;];
EW(259, :, :) = [   237.16   177.46   215.10;   177.46   121.36   151.01;   215.10   151.01   194.54;];
EW(260, :, :) = [   237.90   178.10   215.82;   178.10   121.90   151.57;   215.81   151.57   195.21;];
EW(261, :, :) = [   238.63   178.73   216.51;   178.73   122.44   152.12;   216.51   152.12   195.87;];
EW(262, :, :) = [   239.35   179.35   217.19;   179.35   122.96   152.65;   217.19   152.65   196.51;];
EW(263, :, :) = [   240.04   179.95   217.85;   179.95   123.47   153.17;   217.85   153.17   197.14;];
EW(264, :, :) = [   240.72   180.54   218.50;   180.54   123.97   153.68;   218.50   153.68   197.75;];
EW(265, :, :) = [   241.38   181.11   219.13;   181.11   124.46   154.18;   219.13   154.18   198.34;];
EW(266, :, :) = [   242.02   181.66   219.74;   181.66   124.93   154.66;   219.74   154.66   198.92;];
EW(267, :, :) = [   242.65   182.21   220.34;   182.21   125.39   155.13;   220.34   155.13   199.49;];
EW(268, :, :) = [   243.26   182.73   220.92;   182.73   125.84   155.59;   220.92   155.59   200.04;];
EW(269, :, :) = [   243.85   183.25   221.49;   183.25   126.28   156.04;   221.49   156.04   200.58;];
EW(270, :, :) = [   244.43   183.75   222.04;   183.75   126.70   156.48;   222.04   156.48   201.10;];
EW(271, :, :) = [   245.00   184.24   222.57;   184.24   127.12   156.90;   222.57   156.90   201.61;];
EW(272, :, :) = [   245.54   184.71   223.09;   184.71   127.52   157.31;   223.09   157.31   202.10;];
EW(273, :, :) = [   246.08   185.17   223.60;   185.17   127.91   157.71;   223.60   157.71   202.58;];
EW(274, :, :) = [   246.59   185.62   224.09;   185.62   128.29   158.10;   224.09   158.10   203.05;];
EW(275, :, :) = [   247.09   186.05   224.57;   186.05   128.66   158.48;   224.57   158.48   203.50;];
EW(276, :, :) = [   247.58   186.47   225.03;   186.47   129.01   158.85;   225.03   158.85   203.94;];
EW(277, :, :) = [   248.04   186.87   225.48;   186.87   129.35   159.20;   225.48   159.20   204.36;];
EW(278, :, :) = [   248.49   187.26   225.91;   187.26   129.68   159.54;   225.90   159.54   204.76;];
EW(279, :, :) = [   248.92   187.63   226.31;   187.63   130.00   159.86;   226.31   159.86   205.15;];
EW(280, :, :) = [   249.32   187.99   226.70;   187.99   130.29   160.17;   226.70   160.17   205.51;];
EW(281, :, :) = [   249.69   188.31   227.05;   188.31   130.56   160.46;   227.05   160.46   205.84;];
EW(282, :, :) = [   250.01   188.60   227.36;   188.60   130.80     3.28;   227.36     2.68   206.13;];
EW(283, :, :) = [   250.26   188.80   227.61;   188.80   130.98      nan;   227.61      nan   206.36;];
EW(284, :, :) = [   250.37      nan   227.73;      nan      nan      nan;   227.73      nan   206.46;];
EW(285, :, :) = [   250.23      nan   227.62;      nan      nan      nan;   227.62      nan   206.33;];
EW(286, :, :) = [   249.48      nan   226.97;      nan      nan      nan;   226.97      nan   205.66;];
EW(287, :, :) = [   247.06      nan   224.79;      nan      nan      nan;   224.79      nan   203.47;];
EW(288, :, :) = [   237.57      nan      nan;      nan      nan      nan;      nan      nan      nan;];
