EW = zeros(288, 3, 3);
EW(  1, :, :) = [   618.50      nan      nan;      nan      nan      nan;      nan      nan      nan;];
EW(  2, :, :) = [   617.93      nan      nan;      nan      nan      nan;      nan      nan      nan;];
EW(  3, :, :) = [   617.14      nan      nan;      nan      nan      nan;      nan      nan      nan;];
EW(  4, :, :) = [   616.13      nan      nan;      nan      nan      nan;      nan      nan      nan;];
EW(  5, :, :) = [   614.91      nan      nan;      nan      nan      nan;      nan      nan      nan;];
EW(  6, :, :) = [   613.47      nan      nan;      nan      nan      nan;      nan      nan      nan;];
EW(  7, :, :) = [   611.81      nan      nan;      nan      nan      nan;      nan      nan      nan;];
EW(  8, :, :) = [   609.95      nan      nan;      nan      nan      nan;      nan      nan      nan;];
EW(  9, :, :) = [   607.87      nan      nan;      nan      nan      nan;      nan      nan      nan;];
EW( 10, :, :) = [   605.60      nan      nan;      nan      nan      nan;      nan      nan      nan;];
EW( 11, :, :) = [   603.12      nan      nan;      nan      nan      nan;      nan      nan      nan;];
EW( 12, :, :) = [   600.45      nan      nan;      nan      nan      nan;      nan      nan      nan;];
EW( 13, :, :) = [   597.58      nan      nan;      nan      nan      nan;      nan      nan      nan;];
EW( 14, :, :) = [   594.53      nan      nan;      nan      nan      nan;      nan      nan      nan;];
EW( 15, :, :) = [   591.30      nan      nan;      nan      nan      nan;      nan      nan      nan;];
EW( 16, :, :) = [   587.89      nan      nan;      nan      nan      nan;      nan      nan      nan;];
EW( 17, :, :) = [   584.31      nan      nan;      nan      nan      nan;      nan      nan      nan;];
EW( 18, :, :) = [   580.56      nan      nan;      nan      nan      nan;      nan      nan      nan;];
EW( 19, :, :) = [   576.66      nan      nan;      nan      nan      nan;      nan      nan      nan;];
EW( 20, :, :) = [   572.60      nan      nan;      nan      nan      nan;      nan      nan      nan;];
EW( 21, :, :) = [   568.40      nan      nan;      nan      nan      nan;      nan      nan      nan;];
EW( 22, :, :) = [   564.05      nan      nan;      nan      nan      nan;      nan      nan      nan;];
EW( 23, :, :) = [   559.57      nan      nan;      nan      nan      nan;      nan      nan      nan;];
EW( 24, :, :) = [   554.96      nan      nan;      nan      nan      nan;      nan      nan      nan;];
EW( 25, :, :) = [   550.23      nan      nan;      nan      nan      nan;      nan      nan      nan;];
EW( 26, :, :) = [   545.39      nan      nan;      nan      nan      nan;      nan      nan      nan;];
EW( 27, :, :) = [   540.44      nan      nan;      nan      nan      nan;      nan      nan      nan;];
EW( 28, :, :) = [   535.39      nan      nan;      nan      nan      nan;      nan      nan      nan;];
EW( 29, :, :) = [   530.25      nan      nan;      nan      nan      nan;      nan      nan      nan;];
EW( 30, :, :) = [   525.02      nan      nan;      nan      nan      nan;      nan      nan      nan;];
EW( 31, :, :) = [   519.71      nan      nan;      nan      nan      nan;      nan      nan      nan;];
EW( 32, :, :) = [   514.33      nan      nan;      nan      nan      nan;      nan      nan      nan;];
EW( 33, :, :) = [   508.88      nan      nan;      nan      nan      nan;      nan      nan      nan;];
EW( 34, :, :) = [   503.37      nan      nan;      nan      nan      nan;      nan      nan      nan;];
EW( 35, :, :) = [   497.80      nan      nan;      nan      nan      nan;      nan      nan      nan;];
EW( 36, :, :) = [   492.19      nan      nan;      nan      nan      nan;      nan      nan      nan;];
EW( 37, :, :) = [   486.54      nan      nan;      nan      nan      nan;      nan      nan      nan;];
EW( 38, :, :) = [   480.86      nan      nan;      nan      nan      nan;      nan      nan      nan;];
EW( 39, :, :) = [   475.14      nan      nan;      nan      nan      nan;      nan      nan      nan;];
EW( 40, :, :) = [   469.41      nan      nan;      nan      nan      nan;      nan      nan      nan;];
EW( 41, :, :) = [   463.66      nan      nan;      nan      nan      nan;      nan      nan      nan;];
EW( 42, :, :) = [   457.89      nan      nan;      nan      nan      nan;      nan      nan      nan;];
EW( 43, :, :) = [   452.13      nan      nan;      nan      nan      nan;      nan      nan      nan;];
EW( 44, :, :) = [   446.36      nan      nan;      nan      nan      nan;      nan      nan      nan;];
EW( 45, :, :) = [   440.59      nan      nan;      nan      nan      nan;      nan      nan      nan;];
EW( 46, :, :) = [   434.84      nan      nan;      nan      nan      nan;      nan      nan      nan;];
EW( 47, :, :) = [   429.10      nan      nan;      nan      nan      nan;      nan      nan      nan;];
EW( 48, :, :) = [   423.38      nan      nan;      nan      nan      nan;      nan      nan      nan;];
EW( 49, :, :) = [   417.68      nan      nan;      nan      nan      nan;      nan      nan      nan;];
EW( 50, :, :) = [   412.01      nan      nan;      nan      nan      nan;      nan      nan      nan;];
EW( 51, :, :) = [   406.38      nan      nan;      nan      nan      nan;      nan      nan      nan;];
EW( 52, :, :) = [   400.78      nan      nan;      nan      nan      nan;      nan      nan      nan;];
EW( 53, :, :) = [   395.21      nan      nan;      nan      nan      nan;      nan      nan      nan;];
EW( 54, :, :) = [   389.69      nan      nan;      nan      nan      nan;      nan      nan      nan;];
EW( 55, :, :) = [   384.22      nan      nan;      nan      nan      nan;      nan      nan      nan;];
EW( 56, :, :) = [   378.79      nan      nan;      nan      nan      nan;      nan      nan      nan;];
EW( 57, :, :) = [   373.42      nan      nan;      nan      nan      nan;      nan      nan      nan;];
EW( 58, :, :) = [   368.10      nan      nan;      nan      nan      nan;      nan      nan      nan;];
EW( 59, :, :) = [   362.83      nan      nan;      nan      nan      nan;      nan      nan      nan;];
EW( 60, :, :) = [   357.63      nan      nan;      nan      nan      nan;      nan      nan      nan;];
EW( 61, :, :) = [   352.48      nan      nan;      nan      nan      nan;      nan      nan      nan;];
EW( 62, :, :) = [   347.40      nan      nan;      nan      nan      nan;      nan      nan      nan;];
EW( 63, :, :) = [   342.38      nan      nan;      nan      nan      nan;      nan      nan      nan;];
EW( 64, :, :) = [   337.43      nan      nan;      nan      nan      nan;      nan      nan      nan;];
EW( 65, :, :) = [   332.55      nan      nan;      nan      nan      nan;      nan      nan      nan;];
EW( 66, :, :) = [   327.73      nan      nan;      nan      nan      nan;      nan      nan      nan;];
EW( 67, :, :) = [   322.99      nan      nan;      nan      nan      nan;      nan      nan      nan;];
EW( 68, :, :) = [   318.32      nan      nan;      nan      nan      nan;      nan      nan      nan;];
EW( 69, :, :) = [   313.72      nan      nan;      nan      nan      nan;      nan      nan      nan;];
EW( 70, :, :) = [   309.19      nan      nan;      nan      nan      nan;      nan      nan      nan;];
EW( 71, :, :) = [   304.74      nan      nan;      nan      nan      nan;      nan      nan      nan;];
EW( 72, :, :) = [   300.36      nan      nan;      nan      nan      nan;      nan      nan      nan;];
EW( 73, :, :) = [   296.05   249.09      nan;   249.09   205.23      nan;      nan      nan      nan;];
EW( 74, :, :) = [   291.82   247.52      nan;   247.52   205.61      nan;      nan      nan      nan;];
EW( 75, :, :) = [   287.66   246.46      nan;   246.46   207.50      nan;      nan      nan      nan;];
EW( 76, :, :) = [   283.58   245.86      nan;   245.86   210.84      nan;      nan      nan      nan;];
EW( 77, :, :) = [   279.58   245.63      nan;   245.63   215.22      nan;      nan      nan      nan;];
EW( 78, :, :) = [   275.65   245.69      nan;   245.69   220.27      nan;      nan      nan      nan;];
EW( 79, :, :) = [   271.79   245.97      nan;   245.97   225.82      nan;      nan      nan      nan;];
EW( 80, :, :) = [   268.01   246.42      nan;   246.42   231.79      nan;      nan      nan      nan;];
EW( 81, :, :) = [   264.30   247.04      nan;   247.04   238.17      nan;      nan      nan      nan;];
EW( 82, :, :) = [   260.67   247.81      nan;   247.81   244.94      nan;      nan      nan      nan;];
EW( 83, :, :) = [   257.11   248.73      nan;   248.73   252.10      nan;      nan      nan      nan;];
EW( 84, :, :) = [   253.62   249.80      nan;   249.80   259.62      nan;      nan      nan      nan;];
EW( 85, :, :) = [   250.21   251.03      nan;   251.03   267.51      nan;      nan      nan      nan;];
EW( 86, :, :) = [   246.87   252.44      nan;   252.44   275.73      nan;      nan      nan      nan;];
EW( 87, :, :) = [   243.60   254.06      nan;   254.06   284.28      nan;      nan      nan      nan;];
EW( 88, :, :) = [   240.42   256.05      nan;   256.05   293.15      nan;      nan      nan      nan;];
EW( 89, :, :) = [   237.34   258.75      nan;   258.75   302.30      nan;      nan      nan      nan;];
EW( 90, :, :) = [   234.56   262.68      nan;   262.68   311.73      nan;      nan      nan      nan;];
EW( 91, :, :) = [   233.06   268.04      nan;   268.04   321.42      nan;      nan      nan      nan;];
EW( 92, :, :) = [   234.63   274.61      nan;   274.61   331.35      nan;      nan      nan      nan;];
EW( 93, :, :) = [   239.14   282.05      nan;   282.05   341.51      nan;      nan      nan      nan;];
EW( 94, :, :) = [   245.36   290.11      nan;   290.11   351.87      nan;      nan      nan      nan;];
EW( 95, :, :) = [   252.54   298.65      nan;   298.65   362.41      nan;      nan      nan      nan;];
EW( 96, :, :) = [   260.34   307.55      nan;   307.55   373.13      nan;      nan      nan      nan;];
EW( 97, :, :) = [   268.55   316.75      nan;   316.75   383.99      nan;      nan      nan      nan;];
EW( 98, :, :) = [   277.06   326.18      nan;   326.18   394.98      nan;      nan      nan      nan;];
EW( 99, :, :) = [   285.80   335.81      nan;   335.81   406.08      nan;      nan      nan      nan;];
EW(100, :, :) = [   294.70   345.60      nan;   345.60   417.27      nan;      nan      nan      nan;];
EW(101, :, :) = [   303.73   355.52      nan;   355.52   428.52      nan;      nan      nan      nan;];
EW(102, :, :) = [   312.85   365.54      nan;   365.54   439.81      nan;      nan      nan      nan;];
EW(103, :, :) = [   322.03   375.63      nan;   375.63   451.11      nan;      nan      nan      nan;];
EW(104, :, :) = [   331.24   385.77      nan;   385.77   462.42      nan;      nan      nan      nan;];
EW(105, :, :) = [   340.46   395.92      nan;   395.92   473.69      nan;      nan      nan      nan;];
EW(106, :, :) = [   349.66   406.07      nan;   406.07   484.91      nan;      nan      nan      nan;];
EW(107, :, :) = [   358.81   416.20      nan;   416.20   496.06      nan;      nan      nan      nan;];
EW(108, :, :) = [   367.90   426.28      nan;   426.28   507.10      nan;      nan      nan      nan;];
EW(109, :, :) = [   376.90   436.29      nan;   436.29   518.03      nan;      nan      nan      nan;];
EW(110, :, :) = [   385.80   446.20      nan;   446.20   528.82      nan;      nan      nan      nan;];
EW(111, :, :) = [   394.57   456.01      nan;   456.01   539.45      nan;      nan      nan      nan;];
EW(112, :, :) = [   403.22   465.69      nan;   465.69   549.91      nan;      nan      nan      nan;];
EW(113, :, :) = [   411.71   475.24      nan;   475.24   560.18      nan;      nan      nan      nan;];
EW(114, :, :) = [   420.05   484.63      nan;   484.63   570.26      nan;      nan      nan      nan;];
EW(115, :, :) = [   428.24   493.88      nan;   493.88   580.15      nan;      nan      nan      nan;];
EW(116, :, :) = [   436.27   502.97      nan;   502.97   589.84      nan;      nan      nan      nan;];
EW(117, :, :) = [   444.16   511.92      nan;   511.92   599.37      nan;      nan      nan      nan;];
EW(118, :, :) = [   451.93   520.75      nan;   520.75   608.74      nan;      nan      nan      nan;];
EW(119, :, :) = [   459.62   529.48      nan;   529.48   618.01      nan;      nan      nan      nan;];
EW(120, :, :) = [   467.27   538.16      nan;   538.16   627.23      nan;      nan      nan      nan;];
EW(121, :, :) = [   474.93   546.84   474.86;   546.84   636.46   546.58;   474.86   546.58   474.80;];
EW(122, :, :) = [   482.66   555.57   482.59;   555.57   645.78   555.33;   482.59   555.33   482.54;];
EW(123, :, :) = [   490.51   564.40   490.45;   564.40   655.23   564.17;   490.45   564.17   490.40;];
EW(124, :, :) = [   498.51   573.34   498.45;   573.34   664.86   573.13;   498.45   573.13   498.41;];
EW(125, :, :) = [   506.63   582.38   506.58;   582.38   674.64   582.18;   506.58   582.18   506.54;];
EW(126, :, :) = [   514.80   591.44   514.76;   591.44   684.48   591.26;   514.76   591.26   514.72;];
EW(127, :, :) = [   522.95   600.44   522.91;   600.44   694.28   600.26;   522.91   600.26   522.88;];
EW(128, :, :) = [   530.97   609.27   530.93;   609.27   703.93   609.10;   530.93   609.10   530.90;];
EW(129, :, :) = [   538.77   617.83   538.73;   617.83   713.31   617.68;   538.73   617.68   538.70;];
EW(130, :, :) = [   546.27   626.07   546.24;   626.07   722.34   625.92;   546.24   625.92   546.22;];
EW(131, :, :) = [   553.43   633.90   553.40;   633.90   730.95   633.76;   553.40   633.76   553.38;];
EW(132, :, :) = [   560.18   641.28   560.15;   641.28   739.07   641.15;   560.15   641.15   560.13;];
EW(133, :, :) = [   566.48   648.16   566.46;   648.16   746.65   648.03;   566.46   648.03   566.44;];
EW(134, :, :) = [   572.30   654.49   572.28;   654.49   753.65   654.38;   572.28   654.38   572.26;];
EW(135, :, :) = [   577.60   660.25   577.58;   660.25   760.02   660.14;   577.58   660.14   577.56;];
EW(136, :, :) = [   582.35   665.40   582.33;   665.40   765.73   665.29;   582.33   665.29   582.31;];
EW(137, :, :) = [   586.52   669.91   586.50;   669.91   770.74   669.81;   586.50   669.81   586.49;];
EW(138, :, :) = [   590.09   673.75   590.08;   673.75   775.04   673.66;   590.08   673.66   590.06;];
EW(139, :, :) = [   593.05   676.91   593.03;   676.91   778.59   676.82;   593.03   676.82   593.02;];
EW(140, :, :) = [   595.36   679.36   595.35;   679.36   781.37   679.28;   595.35   679.28   595.33;];
EW(141, :, :) = [   597.03   681.10   597.01;   681.10   783.37   681.02;   597.01   681.02   597.00;];
EW(142, :, :) = [   598.03   682.11   598.01;   682.11   784.58   682.03;   598.01   682.03   598.00;];
EW(143, :, :) = [   598.36   682.38   598.35;   682.38   784.98   682.30;   598.35   682.30   598.33;];
EW(144, :, :) = [   598.02   681.91   598.01;   681.91   784.57   681.83;   598.01   681.83   598.00;];
EW(145, :, :) = [   597.01   680.71   597.00;   680.71   783.36   680.63;   597.00   680.63   596.99;];
EW(146, :, :) = [   595.33   678.77   595.32;   678.77   781.34   678.69;   595.32   678.69   595.31;];
EW(147, :, :) = [   592.99   676.11   592.98;   676.11   778.53   676.02;   592.98   676.02   592.96;];
EW(148, :, :) = [   590.00   672.73   589.98;   672.73   774.93   672.63;   589.98   672.63   589.97;];
EW(149, :, :) = [   586.36   668.65   586.35;   668.65   770.56   668.55;   586.35   668.55   586.33;];
EW(150, :, :) = [   582.11   663.89   582.09;   663.89   765.44   663.78;   582.09   663.78   582.07;];
EW(151, :, :) = [   577.25   658.46   577.23;   658.46   759.59   658.35;   577.23   658.35   577.21;];
EW(152, :, :) = [   571.80   652.41   571.78;   652.41   753.05   652.29;   571.78   652.29   571.76;];
EW(153, :, :) = [   565.80   645.74   565.78;   645.74   745.83   645.61;   565.78   645.61   565.76;];
EW(154, :, :) = [   559.26   638.49   559.24;   638.49   737.97   638.36;   559.24   638.36   559.22;];
EW(155, :, :) = [   552.23   630.70   552.20;   630.70   729.51   630.56;   552.20   630.56   552.18;];
EW(156, :, :) = [   544.72   622.39   544.69;   622.39   720.47   622.24;   544.69   622.24   544.66;];
EW(157, :, :) = [   536.76   613.61   536.73;   613.61   710.91   613.44;   536.73   613.44   536.70;];
EW(158, :, :) = [   528.40   604.38   528.37;   604.38   700.85   604.20;   528.37   604.20   528.34;];
EW(159, :, :) = [   519.67   594.75   519.63;   594.75   690.34   594.56;   519.63   594.56   519.59;];
EW(160, :, :) = [   510.59   584.75   510.55;   584.75   679.41   584.54;   510.55   584.54   510.51;];
EW(161, :, :) = [   501.21   574.42   501.16;   574.42   668.12   574.20;   501.16   574.20   501.12;];
EW(162, :, :) = [   491.56   563.80   491.50;   563.80   656.50   563.56;   491.50   563.56   491.46;];
EW(163, :, :) = [   481.67   552.94   481.61;   552.94   644.60   552.67;   481.61   552.67   481.56;];
EW(164, :, :) = [   471.58   541.86   471.52;   541.86   632.45   541.57;   471.52   541.57   471.46;];
EW(165, :, :) = [   461.33   530.60   461.25;   530.60   620.09   530.29;   461.26   530.29   461.19;];
EW(166, :, :) = [   450.94   519.21   450.86;   519.21   607.57   518.86;   450.86   518.86   450.79;];
EW(167, :, :) = [   440.45   507.71   440.36;   507.71   594.93   507.33;   440.36   507.33   440.28;];
EW(168, :, :) = [   429.90   496.15   429.79;   496.15   582.19   495.73;   429.79   495.73   429.71;];
EW(169, :, :) = [   419.30   484.55   419.18;   484.55   569.40   484.08;   419.18   484.08   419.09;];
EW(170, :, :) = [   408.70   472.95   408.56;   472.95   556.59   472.43;   408.56   472.43   408.45;];
EW(171, :, :) = [   398.11   461.37   397.95;   461.37   543.79   460.79;   397.95   460.80   397.83;];
EW(172, :, :) = [   387.56   449.85   387.39;   449.85   531.04   449.21;   387.39   449.21   387.25;];
EW(173, :, :) = [   377.09   438.42   376.89;   438.42   518.36   437.70;   376.89   437.70   376.73;];
EW(174, :, :) = [   366.71   427.09   366.48;   427.09   505.77   426.29;   366.48   426.29   366.30;];
EW(175, :, :) = [   356.44   415.90   356.17;   415.90   493.31   415.00;   356.18   415.01   355.97;];
EW(176, :, :) = [   346.31   404.86   346.00;   404.86   480.99   403.85;   346.00   403.86   345.77;];
EW(177, :, :) = [   336.34   394.00   335.97;   394.00   468.84   392.86;   335.98   392.88   335.71;];
EW(178, :, :) = [   326.54   383.34   326.11;   383.34   456.87   382.05;   326.12   382.07   325.81;];
EW(179, :, :) = [   316.93   372.90   316.43;   372.90   445.10   371.44;   316.44   371.46   316.09;];
EW(180, :, :) = [   307.54   362.70   306.94;   362.70   433.54   361.03;   306.95   361.06   306.55;];
EW(181, :, :) = [   298.37   352.76   297.66;   352.76   422.22   350.84;   297.67   350.88   297.20;];
EW(182, :, :) = [   289.45   343.09   288.60;   343.09   411.13   340.89;   288.62   340.93   288.07;];
EW(183, :, :) = [   280.80   333.72   279.77;   333.72   400.30   331.17;   279.80   331.23   279.15;];
EW(184, :, :) = [   272.45   324.67   271.19;   324.67   389.72   321.70;   271.22   321.78   270.46;];
EW(185, :, :) = [   264.42   315.97   262.86;   315.97   379.41   312.49;   262.91   312.59   262.00;];
EW(186, :, :) = [   256.76   307.66   254.81;   307.66   369.37   303.55;   254.87   303.67   253.78;];
EW(187, :, :) = [   249.54   299.78   247.04;   299.78   359.60   294.86;   247.14   295.02   245.81;];
EW(188, :, :) = [   242.86   292.40   239.61;   292.40   350.10   286.45;   239.73   286.66   238.08;];
EW(189, :, :) = [   236.90   285.62   232.54;   285.62   340.89   278.32;   232.72   278.59   230.61;];
EW(190, :, :) = [   231.96   279.55   225.94;   279.55   331.95   270.47;   226.20   270.82   223.40;];
EW(191, :, :) = [   228.51   274.34   219.99;   274.34   323.29   262.91;   220.38   263.38   216.46;];
EW(192, :, :) = [   227.05   270.05   214.98;   270.04   314.91   255.67;   215.60   256.29   209.79;];
EW(193, :, :) = [   227.62   266.58   211.22;   266.58   306.80   248.78;   212.36   249.61   203.44;];
EW(194, :, :) = [   229.55   263.71   208.80;   263.71   298.97   242.32;   211.31   243.46   197.44;];
EW(195, :, :) = [   232.14   261.24   207.57;   261.24   291.40   236.47;   213.26   238.02   192.08;];
EW(196, :, :) = [   235.02   259.03   207.41;   259.03   284.10   231.42;   218.24   233.53   188.65;];
EW(197, :, :) = [   238.06   257.03   208.31;   257.03   277.06   227.35;   224.83   230.21   190.20;];
EW(198, :, :) = [   241.20   255.21   210.12;   255.21   270.27   224.21;   231.99   228.06   195.80;];
EW(199, :, :) = [   244.43   253.56   212.57;   253.56   263.74   221.78;   239.39   227.03   202.59;];
EW(200, :, :) = [   247.74   252.06   215.42;   252.06   257.45   219.82;   246.96   227.17   209.82;];
EW(201, :, :) = [   251.14   250.72   218.55;   250.72   251.40   218.19;   254.68   228.69   217.37;];
EW(202, :, :) = [   254.64   249.54   221.89;   249.55   245.59   216.83;   262.57   231.73   225.22;];
EW(203, :, :) = [   258.27   248.51   225.47;   248.54   240.00   215.69;   270.66   236.13   233.41;];
EW(204, :, :) = [   262.09   247.63   229.36;   247.79   234.65   214.85;   278.99   241.61   241.99;];
EW(205, :, :) = [   266.23   246.92   233.74;   247.67   229.54   214.61;   287.64   248.01   251.04;];
EW(206, :, :) = [   270.90   246.43   238.90;   249.14   224.88   215.77;   296.68   255.29   260.63;];
EW(207, :, :) = [   276.38   246.38   245.11;   252.98   221.97   219.15;   306.22   263.45   270.87;];
EW(208, :, :) = [   282.91   247.47   252.49;   258.89   223.25   224.79;   316.38   272.52   281.85;];
EW(209, :, :) = [   290.60   250.78   261.04;   266.35   228.24   232.44;   327.29   282.50   293.70;];
EW(210, :, :) = [   299.47   256.56   270.71;   275.06   235.47   241.84;   339.04   293.37   306.47;];
EW(211, :, :) = [   309.45   264.28   281.45;   284.84   244.20   252.70;   351.64   305.09   320.19;];
EW(212, :, :) = [   320.40   273.37   293.14;   295.51   254.03   264.69;   365.02   317.52   334.75;];
EW(213, :, :) = [   332.08   283.40   305.61;   306.83   264.64   277.44;   378.96   330.46   349.94;];
EW(214, :, :) = [   344.17   293.91   318.55;   318.49   275.67   290.57;   393.13   343.58   365.41;];
EW(215, :, :) = [   356.27   304.48   331.55;   330.13   286.74   303.60;   407.15   356.49   380.72;];
EW(216, :, :) = [   367.97   314.64   344.12;   341.36   297.43   316.04;   420.55   368.73   395.32;];
EW(217, :, :) = [   378.82   323.93   355.70;   351.76   307.32   327.33;   432.87   379.83   408.60;];
EW(218, :, :) = [   388.42   331.93   365.72;   360.95   316.02   336.95;   443.66   389.33   419.96;];
EW(219, :, :) = [   396.37   338.24   373.63;   368.57   323.14   344.40;   452.49   396.80   428.84;];
EW(220, :, :) = [   402.36   342.56   379.03;   374.31   328.38   349.27;   459.00   401.91   434.76;];
EW(221, :, :) = [   406.15   344.71   381.68;   377.95   331.52   351.31;   462.93   404.42   437.42;];
EW(222, :, :) = [   407.64   344.60   381.58;   379.37   332.43   350.45;   464.14   404.23   436.74;];
EW(223, :, :) = [   406.83   342.34   378.99;   378.57   331.11   346.86;   462.63   401.36   432.91;];
EW(224, :, :) = [   403.89   338.19   374.33;   375.64   327.67   340.90;   458.51   395.99   426.32;];
EW(225, :, :) = [   399.11   332.60   368.01;   370.82   322.31   333.03;   452.06   388.39   417.49;];
EW(226, :, :) = [   392.95   326.24   360.41;   364.41   315.33   323.73;   443.64   378.92   406.94;];
EW(227, :, :) = [   386.11   319.89   351.93;   356.77   307.10   313.47;   433.66   368.03   395.13;];
EW(228, :, :) = [   379.93   314.69   343.34;   348.29   297.98   302.73;   422.61   356.18   382.52;];
EW(229, :, :) = [   377.66   313.08   337.39;   339.40   288.38   292.05;   410.93   343.80   369.53;];
EW(230, :, :) = [   381.41   316.48   338.91;   330.64   278.86   282.07;   399.05   331.32   356.55;];
EW(231, :, :) = [   386.77   321.22   343.30;   324.73   272.19   275.34;   387.36   319.10   343.91;];
EW(232, :, :) = [   392.26   326.08   348.02;   326.40   273.34   275.99;   376.29   307.52   332.11;];
EW(233, :, :) = [   397.79   331.00   352.85;   331.03   277.54   279.50;   367.79   298.26   324.18;];
EW(234, :, :) = [   403.36   335.96   357.79;   335.96   282.05   283.38;   365.73   294.65   324.20;];
EW(235, :, :) = [   408.96   340.95   362.80;   340.96   286.62   287.39;   367.67   294.78   327.47;];
EW(236, :, :) = [   414.59   345.98   367.88;   345.99   291.22   291.48;   371.15   296.58   331.59;];
EW(237, :, :) = [   420.24   351.05   373.01;   351.05   295.84   295.66;   375.33   299.28   336.05;];
EW(238, :, :) = [   425.91   356.13   378.19;   356.13   300.49   299.89;   379.89   302.52   340.71;];
EW(239, :, :) = [   431.59   361.24   383.40;   361.24   305.16   304.18;   384.68   306.13   345.47;];
EW(240, :, :) = [   437.29   366.36   388.65;   366.36   309.84   308.51;   389.63   309.97   350.31;];
EW(241, :, :) = [   442.99   371.50   393.92;   371.50   314.53   312.87;   394.68   313.99   355.20;];
EW(242, :, :) = [   448.70   376.65   399.20;   376.65   319.22   317.26;   399.80   318.12   360.12;];
EW(243, :, :) = [   454.41   381.80   404.50;   381.80   323.93   321.67;   404.97   322.34   365.07;];
EW(244, :, :) = [   460.11   386.95   409.80;   386.95   328.63   326.09;   410.18   326.62   370.03;];
EW(245, :, :) = [   465.80   392.09   415.10;   392.09   333.32   330.52;   415.40   330.94   375.00;];
EW(246, :, :) = [   471.48   397.23   420.39;   397.23   338.01   334.95;   420.63   335.29   379.97;];
EW(247, :, :) = [   477.13   402.35   425.67;   402.35   342.68   339.38;   425.86   339.65   384.92;];
EW(248, :, :) = [   482.77   407.45   430.93;   407.45   347.33   343.80;   431.09   344.02   389.86;];
EW(249, :, :) = [   488.37   412.53   436.16;   412.53   351.97   348.20;   436.30   348.38   394.79;];
EW(250, :, :) = [   493.94   417.57   441.37;   417.57   356.57   352.59;   441.48   352.73   399.68;];
EW(251, :, :) = [   499.47   422.59   446.54;   422.59   361.15   356.95;   446.63   357.06   404.54;];
EW(252, :, :) = [   504.95   427.56   451.68;   427.56   365.68   361.27;   451.75   361.37   409.37;];
EW(253, :, :) = [   510.39   432.49   456.76;   432.49   370.18   365.57;   456.82   365.64   414.15;];
EW(254, :, :) = [   515.75   437.35   461.78;   437.35   374.62   369.81;   461.83   369.87   418.88;];
EW(255, :, :) = [   521.05   442.16   466.75;   442.16   379.01   374.00;   466.79   374.06   423.55;];
EW(256, :, :) = [   526.28   446.91   471.65;   446.91   383.35   378.15;   471.69   378.19   428.16;];
EW(257, :, :) = [   531.44   451.60   476.49;   451.60   387.62   382.24;   476.51   382.27   432.71;];
EW(258, :, :) = [   536.51   456.20   481.24;   456.20   391.83   386.26;   481.27   386.29   437.18;];
EW(259, :, :) = [   541.50   460.73   485.92;   460.73   395.96   390.22;   485.94   390.24   441.58;];
EW(260, :, :) = [   546.38   465.16   490.50;   465.16   400.01   394.10;   490.51   394.12   445.89;];
EW(261, :, :) = [   551.16   469.50   494.98;   469.50   403.98   397.90;   495.00   397.91   450.11;];
EW(262, :, :) = [   555.83   473.74   499.36;   473.74   407.85   401.61;   499.38   401.62   454.23;];
EW(263, :, :) = [   560.39   477.88   503.63;   477.88   411.63   405.23;   503.64   405.24   458.25;];
EW(264, :, :) = [   564.81   481.89   507.79;   481.89   415.30   408.74;   507.79   408.75   462.16;];
EW(265, :, :) = [   569.11   485.79   511.81;   485.79   418.86   412.16;   511.82   412.17   465.95;];
EW(266, :, :) = [   573.26   489.56   515.71;   489.56   422.31   415.46;   515.72   415.47   469.62;];
EW(267, :, :) = [   577.27   493.20   519.47;   493.20   425.64   418.65;   519.48   418.66   473.16;];
EW(268, :, :) = [   581.13   496.70   523.09;   496.70   428.84   421.72;   523.10   421.72   476.57;];
EW(269, :, :) = [   584.83   500.05   526.56;   500.05   431.91   424.66;   526.57   424.66   479.83;];
EW(270, :, :) = [   588.36   503.26   529.88;   503.26   434.85   427.47;   529.88   427.47   482.96;];
EW(271, :, :) = [   591.73   506.31   533.04;   506.31   437.64   430.14;   533.04   430.15   485.93;];
EW(272, :, :) = [   594.92   509.19   536.03;   509.19   440.29   432.68;   536.03   432.68   488.74;];
EW(273, :, :) = [   597.92   511.92   538.85;   511.92   442.78   435.06;   538.85   435.07   491.40;];
EW(274, :, :) = [   600.74   514.46   541.49;   514.46   445.12   437.30;   541.50   437.30   493.89;];
EW(275, :, :) = [   603.36   516.84   543.95;   516.84   447.30   439.38;   543.96   439.38   496.20;];
EW(276, :, :) = [   605.78   519.02   546.22;   519.02   449.31   441.30;   546.22   441.30   498.34;];
EW(277, :, :) = [   607.98   521.01   548.29;   521.01   451.14   443.04;   548.29   443.05   500.29;];
EW(278, :, :) = [   609.96   522.80   550.15;   522.80   452.78   444.61;   550.15   444.61   502.04;];
EW(279, :, :) = [   611.70   524.37   551.78;   524.37   454.22   445.98;   551.79   445.98   503.57;];
EW(280, :, :) = [   613.15   525.68   553.16;   525.68   455.43   104.53;   553.16   104.58   504.86;];
EW(281, :, :) = [   614.28   526.65   554.23;   526.65   456.37    82.29;   554.23    82.34   505.85;];
EW(282, :, :) = [   614.97   527.07   554.90;   527.07   456.91     1.36;   554.90     1.41   506.45;];
EW(283, :, :) = [   615.01   526.11   554.96;   526.11   456.61      nan;   554.96      nan   506.49;];
EW(284, :, :) = [   613.96      nan   553.92;      nan      nan      nan;   553.92      nan   505.55;];
EW(285, :, :) = [   610.79      nan   550.26;      nan      nan      nan;   550.26      nan   502.49;];
EW(286, :, :) = [   602.74      nan      nan;      nan      nan      nan;      nan      nan      nan;];
EW(287, :, :) = [   580.79      nan      nan;      nan      nan      nan;      nan      nan      nan;];
EW(288, :, :) = [   500.00      nan      nan;      nan      nan      nan;      nan      nan      nan;];
