EW = zeros(288, 3, 3);
EW(  1, :, :) = [  1848.08      nan      nan;      nan      nan      nan;      nan      nan      nan;];
EW(  2, :, :) = [  1846.40      nan      nan;      nan      nan      nan;      nan      nan      nan;];
EW(  3, :, :) = [  1844.07      nan      nan;      nan      nan      nan;      nan      nan      nan;];
EW(  4, :, :) = [  1841.07      nan      nan;      nan      nan      nan;      nan      nan      nan;];
EW(  5, :, :) = [  1837.43      nan      nan;      nan      nan      nan;      nan      nan      nan;];
EW(  6, :, :) = [  1833.13      nan      nan;      nan      nan      nan;      nan      nan      nan;];
EW(  7, :, :) = [  1828.19      nan      nan;      nan      nan      nan;      nan      nan      nan;];
EW(  8, :, :) = [  1822.62      nan      nan;      nan      nan      nan;      nan      nan      nan;];
EW(  9, :, :) = [  1816.42      nan      nan;      nan      nan      nan;      nan      nan      nan;];
EW( 10, :, :) = [  1809.61      nan      nan;      nan      nan      nan;      nan      nan      nan;];
EW( 11, :, :) = [  1802.21      nan      nan;      nan      nan      nan;      nan      nan      nan;];
EW( 12, :, :) = [  1794.21      nan      nan;      nan      nan      nan;      nan      nan      nan;];
EW( 13, :, :) = [  1785.63      nan      nan;      nan      nan      nan;      nan      nan      nan;];
EW( 14, :, :) = [  1776.50      nan      nan;      nan      nan      nan;      nan      nan      nan;];
EW( 15, :, :) = [  1766.82      nan      nan;      nan      nan      nan;      nan      nan      nan;];
EW( 16, :, :) = [  1756.61      nan      nan;      nan      nan      nan;      nan      nan      nan;];
EW( 17, :, :) = [  1745.88      nan      nan;      nan      nan      nan;      nan      nan      nan;];
EW( 18, :, :) = [  1734.66      nan      nan;      nan      nan      nan;      nan      nan      nan;];
EW( 19, :, :) = [  1722.96      nan      nan;      nan      nan      nan;      nan      nan      nan;];
EW( 20, :, :) = [  1710.80      nan      nan;      nan      nan      nan;      nan      nan      nan;];
EW( 21, :, :) = [  1698.20      nan      nan;      nan      nan      nan;      nan      nan      nan;];
EW( 22, :, :) = [  1685.18      nan      nan;      nan      nan      nan;      nan      nan      nan;];
EW( 23, :, :) = [  1671.75      nan      nan;      nan      nan      nan;      nan      nan      nan;];
EW( 24, :, :) = [  1657.94      nan      nan;      nan      nan      nan;      nan      nan      nan;];
EW( 25, :, :) = [  1643.76      nan      nan;      nan      nan      nan;      nan      nan      nan;];
EW( 26, :, :) = [  1629.24      nan      nan;      nan      nan      nan;      nan      nan      nan;];
EW( 27, :, :) = [  1614.40      nan      nan;      nan      nan      nan;      nan      nan      nan;];
EW( 28, :, :) = [  1599.26      nan      nan;      nan      nan      nan;      nan      nan      nan;];
EW( 29, :, :) = [  1583.84      nan      nan;      nan      nan      nan;      nan      nan      nan;];
EW( 30, :, :) = [  1568.15      nan      nan;      nan      nan      nan;      nan      nan      nan;];
EW( 31, :, :) = [  1552.23      nan      nan;      nan      nan      nan;      nan      nan      nan;];
EW( 32, :, :) = [  1536.08      nan      nan;      nan      nan      nan;      nan      nan      nan;];
EW( 33, :, :) = [  1519.74      nan      nan;      nan      nan      nan;      nan      nan      nan;];
EW( 34, :, :) = [  1503.21      nan      nan;      nan      nan      nan;      nan      nan      nan;];
EW( 35, :, :) = [  1486.53      nan      nan;      nan      nan      nan;      nan      nan      nan;];
EW( 36, :, :) = [  1469.70      nan      nan;      nan      nan      nan;      nan      nan      nan;];
EW( 37, :, :) = [  1452.75      nan      nan;      nan      nan      nan;      nan      nan      nan;];
EW( 38, :, :) = [  1435.70      nan      nan;      nan      nan      nan;      nan      nan      nan;];
EW( 39, :, :) = [  1418.56      nan      nan;      nan      nan      nan;      nan      nan      nan;];
EW( 40, :, :) = [  1401.36      nan      nan;      nan      nan      nan;      nan      nan      nan;];
EW( 41, :, :) = [  1384.10      nan      nan;      nan      nan      nan;      nan      nan      nan;];
EW( 42, :, :) = [  1366.81      nan      nan;      nan      nan      nan;      nan      nan      nan;];
EW( 43, :, :) = [  1349.50      nan      nan;      nan      nan      nan;      nan      nan      nan;];
EW( 44, :, :) = [  1332.20      nan      nan;      nan      nan      nan;      nan      nan      nan;];
EW( 45, :, :) = [  1314.90      nan      nan;      nan      nan      nan;      nan      nan      nan;];
EW( 46, :, :) = [  1297.64      nan      nan;      nan      nan      nan;      nan      nan      nan;];
EW( 47, :, :) = [  1280.42      nan      nan;      nan      nan      nan;      nan      nan      nan;];
EW( 48, :, :) = [  1263.26      nan      nan;      nan      nan      nan;      nan      nan      nan;];
EW( 49, :, :) = [  1246.16      nan      nan;      nan      nan      nan;      nan      nan      nan;];
EW( 50, :, :) = [  1229.15      nan      nan;      nan      nan      nan;      nan      nan      nan;];
EW( 51, :, :) = [  1212.24      nan      nan;      nan      nan      nan;      nan      nan      nan;];
EW( 52, :, :) = [  1195.43      nan      nan;      nan      nan      nan;      nan      nan      nan;];
EW( 53, :, :) = [  1178.73      nan      nan;      nan      nan      nan;      nan      nan      nan;];
EW( 54, :, :) = [  1162.17      nan      nan;      nan      nan      nan;      nan      nan      nan;];
EW( 55, :, :) = [  1145.74      nan      nan;      nan      nan      nan;      nan      nan      nan;];
EW( 56, :, :) = [  1129.45      nan      nan;      nan      nan      nan;      nan      nan      nan;];
EW( 57, :, :) = [  1113.32      nan      nan;      nan      nan      nan;      nan      nan      nan;];
EW( 58, :, :) = [  1097.35      nan      nan;      nan      nan      nan;      nan      nan      nan;];
EW( 59, :, :) = [  1081.56      nan      nan;      nan      nan      nan;      nan      nan      nan;];
EW( 60, :, :) = [  1065.93      nan      nan;      nan      nan      nan;      nan      nan      nan;];
EW( 61, :, :) = [  1050.49      nan      nan;      nan      nan      nan;      nan      nan      nan;];
EW( 62, :, :) = [  1035.24      nan      nan;      nan      nan      nan;      nan      nan      nan;];
EW( 63, :, :) = [  1020.18      nan      nan;      nan      nan      nan;      nan      nan      nan;];
EW( 64, :, :) = [  1005.32      nan      nan;      nan      nan      nan;      nan      nan      nan;];
EW( 65, :, :) = [   990.67      nan      nan;      nan      nan      nan;      nan      nan      nan;];
EW( 66, :, :) = [   976.22      nan      nan;      nan      nan      nan;      nan      nan      nan;];
EW( 67, :, :) = [   961.98      nan      nan;      nan      nan      nan;      nan      nan      nan;];
EW( 68, :, :) = [   947.95      nan      nan;      nan      nan      nan;      nan      nan      nan;];
EW( 69, :, :) = [   934.14      nan      nan;      nan      nan      nan;      nan      nan      nan;];
EW( 70, :, :) = [   920.55      nan      nan;      nan      nan      nan;      nan      nan      nan;];
EW( 71, :, :) = [   907.18      nan      nan;      nan      nan      nan;      nan      nan      nan;];
EW( 72, :, :) = [   894.04      nan      nan;      nan      nan      nan;      nan      nan      nan;];
EW( 73, :, :) = [   881.11   821.49      nan;   821.49   774.69      nan;      nan      nan      nan;];
EW( 74, :, :) = [   868.41   809.66      nan;   809.66   763.15      nan;      nan      nan      nan;];
EW( 75, :, :) = [   855.94   798.15      nan;   798.15   751.93      nan;      nan      nan      nan;];
EW( 76, :, :) = [   843.69   786.98      nan;   786.98   741.05      nan;      nan      nan      nan;];
EW( 77, :, :) = [   831.66   776.20      nan;   776.20   730.58      nan;      nan      nan      nan;];
EW( 78, :, :) = [   819.86   765.90      nan;   765.90   720.70      nan;      nan      nan      nan;];
EW( 79, :, :) = [   808.29   756.22      nan;   756.22   712.03      nan;      nan      nan      nan;];
EW( 80, :, :) = [   796.93   747.50      nan;   747.50   709.92      nan;      nan      nan      nan;];
EW( 81, :, :) = [   785.80   740.53      nan;   740.53   729.38      nan;      nan      nan      nan;];
EW( 82, :, :) = [   774.90   737.22      nan;   737.22   753.37      nan;      nan      nan      nan;];
EW( 83, :, :) = [   764.21   740.01      nan;   740.01   778.40      nan;      nan      nan      nan;];
EW( 84, :, :) = [   753.75   754.68      nan;   754.68   804.39      nan;      nan      nan      nan;];
EW( 85, :, :) = [   746.83   776.47      nan;   776.47   831.27      nan;      nan      nan      nan;];
EW( 86, :, :) = [   762.09   800.90      nan;   800.90   858.99      nan;      nan      nan      nan;];
EW( 87, :, :) = [   785.30   826.87      nan;   826.87   887.49      nan;      nan      nan      nan;];
EW( 88, :, :) = [   810.87   853.95      nan;   853.95   916.73      nan;      nan      nan      nan;];
EW( 89, :, :) = [   837.78   881.95      nan;   881.95   946.65      nan;      nan      nan      nan;];
EW( 90, :, :) = [   865.66   910.74      nan;   910.74   977.20      nan;      nan      nan      nan;];
EW( 91, :, :) = [   894.31   940.21      nan;   940.21  1008.33      nan;      nan      nan      nan;];
EW( 92, :, :) = [   923.60   970.29      nan;   970.29  1040.00      nan;      nan      nan      nan;];
EW( 93, :, :) = [   953.45  1000.91      nan;  1000.91  1072.13      nan;      nan      nan      nan;];
EW( 94, :, :) = [   983.76  1032.00      nan;  1032.00  1104.69      nan;      nan      nan      nan;];
EW( 95, :, :) = [  1014.47  1063.49      nan;  1063.49  1137.60      nan;      nan      nan      nan;];
EW( 96, :, :) = [  1045.50  1095.32      nan;  1095.32  1170.80      nan;      nan      nan      nan;];
EW( 97, :, :) = [  1076.79  1127.41      nan;  1127.41  1204.23      nan;      nan      nan      nan;];
EW( 98, :, :) = [  1108.25  1159.71      nan;  1159.71  1237.83      nan;      nan      nan      nan;];
EW( 99, :, :) = [  1139.83  1192.14      nan;  1192.14  1271.53      nan;      nan      nan      nan;];
EW(100, :, :) = [  1171.45  1224.64      nan;  1224.64  1305.24      nan;      nan      nan      nan;];
EW(101, :, :) = [  1203.03  1257.13      nan;  1257.13  1338.91      nan;      nan      nan      nan;];
EW(102, :, :) = [  1234.52  1289.53      nan;  1289.53  1372.45      nan;      nan      nan      nan;];
EW(103, :, :) = [  1265.82  1321.78      nan;  1321.78  1405.79      nan;      nan      nan      nan;];
EW(104, :, :) = [  1296.87  1353.80      nan;  1353.80  1438.85      nan;      nan      nan      nan;];
EW(105, :, :) = [  1327.60  1385.52      nan;  1385.52  1471.56      nan;      nan      nan      nan;];
EW(106, :, :) = [  1357.94  1416.86      nan;  1416.86  1503.84      nan;      nan      nan      nan;];
EW(107, :, :) = [  1387.80  1447.75      nan;  1447.75  1535.61      nan;      nan      nan      nan;];
EW(108, :, :) = [  1417.13  1478.13      nan;  1478.13  1566.81      nan;      nan      nan      nan;];
EW(109, :, :) = [  1445.85  1507.91      nan;  1507.91  1597.36      nan;      nan      nan      nan;];
EW(110, :, :) = [  1473.91  1537.05      nan;  1537.05  1627.21      nan;      nan      nan      nan;];
EW(111, :, :) = [  1501.26  1565.49      nan;  1565.49  1656.29      nan;      nan      nan      nan;];
EW(112, :, :) = [  1527.85  1593.18      nan;  1593.18  1684.56      nan;      nan      nan      nan;];
EW(113, :, :) = [  1553.65  1620.09      nan;  1620.09  1711.99      nan;      nan      nan      nan;];
EW(114, :, :) = [  1578.63  1646.19      nan;  1646.19  1738.55      nan;      nan      nan      nan;];
EW(115, :, :) = [  1602.82  1671.50      nan;  1671.50  1764.27      nan;      nan      nan      nan;];
EW(116, :, :) = [  1626.24  1696.04      nan;  1696.04  1789.16      nan;      nan      nan      nan;];
EW(117, :, :) = [  1648.95  1719.87      nan;  1719.87  1813.31      nan;      nan      nan      nan;];
EW(118, :, :) = [  1671.10  1743.13      nan;  1743.13  1836.84      nan;      nan      nan      nan;];
EW(119, :, :) = [  1692.86  1766.01      nan;  1766.01  1859.98      nan;      nan      nan      nan;];
EW(120, :, :) = [  1714.54  1788.78      nan;  1788.78  1883.02      nan;      nan      nan      nan;];
EW(121, :, :) = [  1736.53  1811.84  1736.50;  1811.84  1906.39  1811.70;  1736.50  1811.70  1736.47;];
EW(122, :, :) = [  1759.33  1835.69  1759.30;  1835.69  1930.61  1835.56;  1759.30  1835.56  1759.27;];
EW(123, :, :) = [  1783.42  1860.82  1783.40;  1860.82  1956.22  1860.69;  1783.40  1860.69  1783.37;];
EW(124, :, :) = [  1809.10  1887.50  1809.08;  1887.50  1983.51  1887.38;  1809.08  1887.38  1809.05;];
EW(125, :, :) = [  1836.19  1915.56  1836.16;  1915.56  2012.29  1915.44;  1836.16  1915.44  1836.14;];
EW(126, :, :) = [  1864.11  1944.41  1864.09;  1944.41  2041.96  1944.30;  1864.09  1944.30  1864.07;];
EW(127, :, :) = [  1892.20  1973.40  1892.18;  1973.40  2071.81  1973.30;  1892.18  1973.30  1892.17;];
EW(128, :, :) = [  1919.91  2001.96  1919.89;  2001.96  2101.25  2001.87;  1919.89  2001.87  1919.88;];
EW(129, :, :) = [  1946.85  2029.71  1946.83;  2029.71  2129.87  2029.62;  1946.83  2029.62  1946.82;];
EW(130, :, :) = [  1972.73  2056.36  1972.71;  2056.36  2157.37  2056.27;  1972.71  2056.27  1972.70;];
EW(131, :, :) = [  1997.36  2081.70  1997.34;  2081.70  2183.54  2081.62;  1997.34  2081.62  1997.33;];
EW(132, :, :) = [  2020.57  2105.56  2020.55;  2105.56  2208.20  2105.49;  2020.55  2105.49  2020.54;];
EW(133, :, :) = [  2042.22  2127.82  2042.20;  2127.82  2231.20  2127.75;  2042.20  2127.75  2042.19;];
EW(134, :, :) = [  2062.18  2148.33  2062.17;  2148.33  2252.41  2148.26;  2062.17  2148.26  2062.16;];
EW(135, :, :) = [  2080.36  2166.99  2080.35;  2166.99  2271.73  2166.93;  2080.35  2166.93  2080.35;];
EW(136, :, :) = [  2096.66  2183.70  2096.65;  2183.70  2289.03  2183.64;  2096.65  2183.64  2096.64;];
EW(137, :, :) = [  2110.97  2198.37  2110.97;  2198.37  2304.25  2198.31;  2110.97  2198.31  2110.96;];
EW(138, :, :) = [  2123.24  2210.92  2123.23;  2210.92  2317.28  2210.86;  2123.23  2210.86  2123.23;];
EW(139, :, :) = [  2133.39  2221.28  2133.38;  2221.28  2328.06  2221.23;  2133.38  2221.23  2133.38;];
EW(140, :, :) = [  2141.37  2229.40  2141.36;  2229.40  2336.54  2229.35;  2141.36  2229.35  2141.35;];
EW(141, :, :) = [  2147.12  2235.23  2147.12;  2235.23  2342.65  2235.18;  2147.12  2235.18  2147.11;];
EW(142, :, :) = [  2150.63  2238.74  2150.62;  2238.74  2346.37  2238.69;  2150.62  2238.69  2150.61;];
EW(143, :, :) = [  2151.85  2239.89  2151.84;  2239.89  2347.68  2239.84;  2151.84  2239.84  2151.84;];
EW(144, :, :) = [  2150.79  2238.69  2150.78;  2238.69  2346.55  2238.64;  2150.78  2238.64  2150.78;];
EW(145, :, :) = [  2147.44  2235.13  2147.43;  2235.13  2342.99  2235.08;  2147.43  2235.08  2147.43;];
EW(146, :, :) = [  2141.81  2229.22  2141.81;  2229.22  2337.01  2229.17;  2141.81  2229.17  2141.80;];
EW(147, :, :) = [  2133.93  2220.99  2133.92;  2220.99  2328.64  2220.94;  2133.92  2220.94  2133.92;];
EW(148, :, :) = [  2123.83  2210.48  2123.82;  2210.48  2317.90  2210.42;  2123.82  2210.42  2123.81;];
EW(149, :, :) = [  2111.55  2197.72  2111.54;  2197.72  2304.86  2197.66;  2111.54  2197.66  2111.53;];
EW(150, :, :) = [  2097.15  2182.78  2097.14;  2182.78  2289.56  2182.72;  2097.14  2182.72  2097.13;];
EW(151, :, :) = [  2080.69  2165.72  2080.68;  2165.72  2272.08  2165.66;  2080.68  2165.66  2080.68;];
EW(152, :, :) = [  2062.25  2146.63  2062.24;  2146.63  2252.49  2146.56;  2062.24  2146.56  2062.24;];
EW(153, :, :) = [  2041.91  2125.58  2041.90;  2125.58  2230.88  2125.51;  2041.90  2125.51  2041.89;];
EW(154, :, :) = [  2019.76  2102.67  2019.75;  2102.67  2207.34  2102.59;  2019.75  2102.59  2019.74;];
EW(155, :, :) = [  1995.90  2078.00  1995.88;  2078.00  2181.99  2077.92;  1995.88  2077.92  1995.87;];
EW(156, :, :) = [  1970.42  2051.67  1970.40;  2051.67  2154.92  2051.59;  1970.40  2051.59  1970.39;];
EW(157, :, :) = [  1943.43  2023.80  1943.42;  2023.80  2126.25  2023.71;  1943.42  2023.71  1943.41;];
EW(158, :, :) = [  1915.06  1994.50  1915.04;  1994.50  2096.10  1994.40;  1915.04  1994.40  1915.03;];
EW(159, :, :) = [  1885.40  1963.88  1885.38;  1963.88  2064.59  1963.78;  1885.38  1963.78  1885.37;];
EW(160, :, :) = [  1854.58  1932.08  1854.56;  1932.08  2031.84  1931.96;  1854.56  1931.96  1854.54;];
EW(161, :, :) = [  1822.72  1899.21  1822.70;  1899.21  1997.98  1899.08;  1822.70  1899.08  1822.68;];
EW(162, :, :) = [  1789.93  1865.38  1789.90;  1865.38  1963.14  1865.25;  1789.90  1865.25  1789.88;];
EW(163, :, :) = [  1756.33  1830.74  1756.30;  1830.74  1927.43  1830.59;  1756.30  1830.59  1756.28;];
EW(164, :, :) = [  1722.03  1795.38  1722.00;  1795.38  1890.99  1795.22;  1722.00  1795.22  1721.98;];
EW(165, :, :) = [  1687.16  1759.44  1687.13;  1759.44  1853.93  1759.27;  1687.13  1759.27  1687.10;];
EW(166, :, :) = [  1651.83  1723.03  1651.79;  1723.03  1816.38  1722.84;  1651.79  1722.84  1651.76;];
EW(167, :, :) = [  1616.14  1686.25  1616.09;  1686.25  1778.44  1686.04;  1616.09  1686.04  1616.06;];
EW(168, :, :) = [  1580.19  1649.22  1580.14;  1649.22  1740.23  1648.99;  1580.14  1649.00  1580.10;];
EW(169, :, :) = [  1544.10  1612.05  1544.04;  1612.05  1701.86  1611.80;  1544.04  1611.80  1543.99;];
EW(170, :, :) = [  1507.95  1574.82  1507.88;  1574.82  1663.43  1574.55;  1507.88  1574.55  1507.83;];
EW(171, :, :) = [  1471.83  1537.64  1471.76;  1537.64  1625.03  1537.34;  1471.76  1537.34  1471.70;];
EW(172, :, :) = [  1435.84  1500.59  1435.76;  1500.59  1586.76  1500.26;  1435.76  1500.26  1435.70;];
EW(173, :, :) = [  1400.06  1463.76  1399.97;  1463.76  1548.70  1463.39;  1399.97  1463.39  1399.89;];
EW(174, :, :) = [  1364.55  1427.22  1364.45;  1427.22  1510.94  1426.81;  1364.45  1426.82  1364.36;];
EW(175, :, :) = [  1329.39  1391.05  1329.27;  1391.05  1473.54  1390.60;  1329.27  1390.60  1329.18;];
EW(176, :, :) = [  1294.65  1355.31  1294.51;  1355.31  1436.57  1354.81;  1294.51  1354.82  1294.41;];
EW(177, :, :) = [  1260.38  1320.07  1260.22;  1320.07  1400.09  1319.51;  1260.22  1319.51  1260.10;];
EW(178, :, :) = [  1226.64  1285.37  1226.46;  1285.37  1364.17  1284.75;  1226.46  1284.75  1226.32;];
EW(179, :, :) = [  1193.47  1251.27  1193.26;  1251.27  1328.85  1250.57;  1193.26  1250.58  1193.11;];
EW(180, :, :) = [  1160.92  1217.81  1160.68;  1217.81  1294.17  1217.03;  1160.68  1217.05  1160.50;];
EW(181, :, :) = [  1129.02  1185.03  1128.74;  1185.03  1260.18  1184.17;  1128.75  1184.18  1128.55;];
EW(182, :, :) = [  1097.82  1152.97  1097.50;  1152.97  1226.91  1152.00;  1097.50  1152.02  1097.27;];
EW(183, :, :) = [  1067.33  1121.66  1066.96;  1121.66  1194.38  1120.57;  1066.97  1120.60  1066.71;];
EW(184, :, :) = [  1037.60  1091.12  1037.16;  1091.12  1162.63  1089.89;  1037.17  1089.93  1036.88;];
EW(185, :, :) = [  1008.63  1061.38  1008.12;  1061.38  1131.67  1059.99;  1008.13  1060.03  1007.79;];
EW(186, :, :) = [   980.44  1032.45   979.84;  1032.45  1101.52  1030.88;   979.87  1030.93   979.48;];
EW(187, :, :) = [   953.07  1004.35   952.36;  1004.35  1072.19  1002.57;   952.39  1002.64   951.94;];
EW(188, :, :) = [   926.51   977.11   925.67;   977.11  1043.69   975.07;   925.71   975.16   925.19;];
EW(189, :, :) = [   900.78   950.73   899.78;   950.73  1016.02   948.39;   899.83   948.51   899.23;];
EW(190, :, :) = [   875.91   925.22   874.70;   925.22   989.19   922.53;   874.77   922.68   874.07;];
EW(191, :, :) = [   851.91   900.61   850.43;   900.61   963.19   897.49;   850.53   897.67   849.70;];
EW(192, :, :) = [   828.81   876.92   826.97;   876.92   938.02   873.26;   827.11   873.50   826.13;];
EW(193, :, :) = [   806.65   854.19   804.34;   854.19   913.68   849.85;   804.53   850.16   803.35;];
EW(194, :, :) = [   785.52   832.47   782.54;   832.47   890.15   827.24;   782.80   827.64   781.36;];
EW(195, :, :) = [   765.57   811.88   761.59;   811.88   867.43   805.43;   761.98   805.96   760.16;];
EW(196, :, :) = [   747.18   792.66   741.58;   792.66   845.50   784.41;   742.25   785.12   739.84;];
EW(197, :, :) = [   731.40   775.39   722.78;   775.39   824.36   764.19;   724.90   765.14   721.68;];
EW(198, :, :) = [   721.95   761.66   706.56;   761.66   803.98   744.79;   722.37   746.10   724.10;];
EW(199, :, :) = [   726.27   753.63   705.85;   753.63   784.36   726.81;   741.29   728.66   748.21;];
EW(200, :, :) = [   738.98   748.78   728.35;   748.79   765.47   715.10;   760.98   718.81   772.90;];
EW(201, :, :) = [   754.66   744.74   752.68;   745.69   747.30   729.72;   780.83   737.45   798.36;];
EW(202, :, :) = [   772.73   744.30   778.12;   752.86   736.64   754.41;   801.19   762.69   824.86;];
EW(203, :, :) = [   793.86   760.05   804.83;   769.03   754.16   780.54;   822.88   789.58   852.65;];
EW(204, :, :) = [   818.54   783.45   832.98;   789.82   778.68   808.16;   847.22   818.15   881.86;];
EW(205, :, :) = [   846.10   810.11   862.68;   814.58   806.00   837.37;   874.91   848.46   912.64;];
EW(206, :, :) = [   875.94   839.20   894.05;   842.62   835.48   868.28;   905.63   880.61   945.11;];
EW(207, :, :) = [   907.90   870.53   927.26;   873.43   867.01   901.02;   938.99   914.72   979.43;];
EW(208, :, :) = [   942.06   904.17   962.50;   906.82   900.69   935.80;   974.88   950.98  1015.82;];
EW(209, :, :) = [   978.66   940.30  1000.09;   942.83   936.74   972.89;  1013.40   989.66  1054.60;];
EW(210, :, :) = [  1018.12   979.28  1040.47;   981.74   975.59  1012.75;  1054.89  1031.15  1096.26;];
EW(211, :, :) = [  1061.05  1021.64  1084.29;  1024.02  1017.84  1055.98;  1099.86  1076.05  1141.47;];
EW(212, :, :) = [  1108.25  1068.07  1132.37;  1070.33  1064.30  1103.38;  1149.03  1125.09  1191.10;];
EW(213, :, :) = [  1160.45  1119.18  1185.43;  1121.26  1115.68  1155.65;  1203.06  1178.92  1245.92;];
EW(214, :, :) = [  1217.73  1174.99  1243.55;  1176.86  1172.06  1212.85;  1262.00  1237.55  1306.01;];
EW(215, :, :) = [  1278.84  1234.20  1305.43;  1235.95  1232.19  1273.71;  1324.58  1299.67  1370.05;];
EW(216, :, :) = [  1341.01  1294.15  1368.28;  1295.91  1293.31  1335.45;  1388.04  1362.48  1435.12;];
EW(217, :, :) = [  1400.52  1351.25  1428.34;  1353.22  1351.79  1394.41;  1448.64  1422.27  1497.34;];
EW(218, :, :) = [  1453.38  1401.71  1481.63;  1404.11  1403.70  1446.66;  1502.38  1475.09  1552.57;];
EW(219, :, :) = [  1495.82  1441.95  1524.36;  1444.99  1445.36  1488.50;  1545.44  1517.21  1596.88;];
EW(220, :, :) = [  1524.58  1468.86  1553.27;  1472.77  1473.58  1516.72;  1574.54  1545.40  1626.88;];
EW(221, :, :) = [  1537.16  1480.10  1565.85;  1485.08  1485.88  1528.87;  1587.17  1557.22  1639.98;];
EW(222, :, :) = [  1532.08  1474.31  1560.61;  1480.53  1480.83  1523.50;  1581.87  1551.24  1634.61;];
EW(223, :, :) = [  1509.03  1451.24  1537.25;  1458.90  1458.11  1500.33;  1558.37  1527.18  1610.46;];
EW(224, :, :) = [  1468.96  1411.85  1496.69;  1421.13  1418.60  1460.24;  1517.69  1486.01  1568.46;];
EW(225, :, :) = [  1413.97  1358.14  1440.96;  1369.32  1364.27  1405.24;  1462.05  1429.75  1510.70;];
EW(226, :, :) = [  1347.13  1292.97  1372.96;  1306.62  1297.93  1338.16;  1394.77  1361.30  1440.16;];
EW(227, :, :) = [  1272.82  1219.69  1296.09;  1237.82  1222.87  1262.31;  1320.93  1284.04  1360.32;];
EW(228, :, :) = [  1212.29  1143.37  1213.93;  1182.69  1142.92  1181.15;  1261.58  1201.87  1274.84;];
EW(229, :, :) = [  1180.77  1107.80  1143.86;  1150.19  1096.96  1105.55;  1226.34  1153.36  1195.06;];
EW(230, :, :) = [  1152.18  1081.43  1110.43;  1117.34  1063.44  1063.89;  1190.68  1117.22  1150.29;];
EW(231, :, :) = [  1150.99  1080.80  1104.97;  1086.80  1032.20  1030.67;  1155.54  1081.68  1112.06;];
EW(232, :, :) = [  1167.43  1096.67  1120.80;  1096.68  1041.59  1038.76;  1133.69  1058.76  1090.75;];
EW(233, :, :) = [  1184.00  1112.68  1136.82;  1112.68  1057.13  1053.66;  1142.94  1065.37  1102.26;];
EW(234, :, :) = [  1200.66  1128.78  1152.96;  1128.78  1072.77  1068.74;  1156.76  1076.69  1116.89;];
EW(235, :, :) = [  1217.41  1144.98  1169.21;  1144.98  1088.50  1083.95;  1171.81  1089.55  1132.24;];
EW(236, :, :) = [  1234.24  1161.25  1185.56;  1161.25  1104.30  1099.29;  1187.42  1103.30  1147.94;];
EW(237, :, :) = [  1251.13  1177.58  1201.99;  1177.58  1120.16  1114.74;  1203.37  1117.64  1163.85;];
EW(238, :, :) = [  1268.08  1193.98  1218.50;  1193.98  1136.08  1130.27;  1219.54  1132.40  1179.90;];
EW(239, :, :) = [  1285.08  1210.43  1235.06;  1210.43  1152.05  1145.87;  1235.87  1147.46  1196.06;];
EW(240, :, :) = [  1302.11  1226.91  1251.68;  1226.91  1168.06  1161.54;  1252.31  1162.73  1212.30;];
EW(241, :, :) = [  1319.18  1243.43  1268.34;  1243.43  1184.09  1177.25;  1268.83  1178.16  1228.59;];
EW(242, :, :) = [  1336.26  1259.97  1285.02;  1259.97  1200.15  1193.00;  1285.41  1193.70  1244.92;];
EW(243, :, :) = [  1353.35  1276.52  1301.72;  1276.52  1216.21  1208.77;  1302.03  1209.31  1261.28;];
EW(244, :, :) = [  1370.44  1293.07  1318.42;  1293.07  1232.28  1224.55;  1318.67  1224.98  1277.64;];
EW(245, :, :) = [  1387.51  1309.60  1335.11;  1309.60  1248.33  1240.33;  1335.31  1240.66  1293.99;];
EW(246, :, :) = [  1404.55  1326.11  1351.77;  1326.11  1264.35  1256.09;  1351.94  1256.36  1310.32;];
EW(247, :, :) = [  1421.55  1342.57  1368.40;  1342.57  1280.33  1271.82;  1368.53  1272.03  1326.62;];
EW(248, :, :) = [  1438.50  1358.98  1384.97;  1358.98  1296.26  1287.50;  1385.08  1287.67  1342.87;];
EW(249, :, :) = [  1455.36  1375.31  1401.47;  1375.31  1312.12  1303.11;  1401.56  1303.25  1359.04;];
EW(250, :, :) = [  1472.13  1391.56  1417.88;  1391.56  1327.90  1318.64;  1417.95  1318.75  1375.13;];
EW(251, :, :) = [  1488.79  1407.70  1434.18;  1407.70  1343.56  1334.08;  1434.24  1334.17  1391.11;];
EW(252, :, :) = [  1505.32  1423.71  1450.35;  1423.71  1359.11  1349.39;  1450.40  1349.47  1406.97;];
EW(253, :, :) = [  1521.70  1439.57  1466.38;  1439.57  1374.51  1364.57;  1466.42  1364.63  1422.68;];
EW(254, :, :) = [  1537.89  1455.26  1482.23;  1455.26  1389.74  1379.58;  1482.27  1379.63  1438.23;];
EW(255, :, :) = [  1553.90  1470.76  1497.90;  1470.76  1404.80  1394.42;  1497.93  1394.47  1453.59;];
EW(256, :, :) = [  1569.70  1486.07  1513.36;  1486.07  1419.66  1409.07;  1513.39  1409.11  1468.75;];
EW(257, :, :) = [  1585.27  1501.15  1528.60;  1501.15  1434.31  1423.51;  1528.62  1423.54  1483.69;];
EW(258, :, :) = [  1600.58  1515.98  1543.59;  1515.98  1448.71  1437.71;  1543.61  1437.73  1498.39;];
EW(259, :, :) = [  1615.61  1530.54  1558.31;  1530.54  1462.86  1451.66;  1558.32  1451.68  1512.83;];
EW(260, :, :) = [  1630.35  1544.82  1572.74;  1544.82  1476.73  1465.33;  1572.75  1465.35  1526.97;];
EW(261, :, :) = [  1644.78  1558.78  1586.86;  1558.78  1490.29  1478.71;  1586.87  1478.72  1540.82;];
EW(262, :, :) = [  1658.86  1572.42  1600.65;  1572.42  1503.54  1491.77;  1600.66  1491.79  1554.34;];
EW(263, :, :) = [  1672.58  1585.71  1614.08;  1585.71  1516.46  1504.51;  1614.09  1504.52  1567.52;];
EW(264, :, :) = [  1685.93  1598.64  1627.15;  1598.64  1529.01  1516.89;  1627.16  1516.90  1580.33;];
EW(265, :, :) = [  1698.88  1611.17  1639.83;  1611.17  1541.20  1528.90;  1639.83  1528.91  1592.76;];
EW(266, :, :) = [  1711.41  1623.30  1652.09;  1623.30  1552.99  1540.52;  1652.10  1540.53  1604.79;];
EW(267, :, :) = [  1723.50  1635.01  1663.93;  1635.01  1564.36  1551.74;  1663.93  1551.74  1616.40;];
EW(268, :, :) = [  1735.13  1646.27  1675.32;  1646.27  1575.31  1562.53;  1675.32  1562.54  1627.57;];
EW(269, :, :) = [  1746.29  1657.07  1686.25;  1657.07  1585.81  1572.88;  1686.25  1572.89  1638.28;];
EW(270, :, :) = [  1756.96  1667.39  1696.69;  1667.39  1595.85  1582.78;  1696.69  1582.78  1648.53;];
EW(271, :, :) = [  1767.11  1677.22  1706.63;  1677.22  1605.41  1592.20;  1706.64  1592.20  1658.28;];
EW(272, :, :) = [  1776.74  1686.54  1716.06;  1686.54  1614.47  1601.12;  1716.06  1601.12  1667.52;];
EW(273, :, :) = [  1785.83  1695.32  1724.95;  1695.32  1623.01  1609.54;  1724.95  1609.54  1676.24;];
EW(274, :, :) = [  1794.35  1703.56  1733.29;  1703.56  1631.03  1617.44;  1733.30  1617.44  1684.43;];
EW(275, :, :) = [  1802.29  1711.24  1741.07;  1711.24  1638.51  1624.80;  1741.07  1624.80  1692.05;];
EW(276, :, :) = [  1809.63  1718.34  1748.26;  1718.34  1645.41  1631.60;  1748.26  1631.60  1699.10;];
EW(277, :, :) = [  1816.35  1724.83  1754.83;  1724.83  1651.74  1637.82;  1754.83  1637.82  1705.55;];
EW(278, :, :) = [  1822.41  1730.69  1760.77;  1730.69  1657.44  1643.44;  1760.77  1643.44  1711.38;];
EW(279, :, :) = [  1827.78  1735.87  1766.02;  1735.87  1662.49  1648.40;  1766.02  1648.40  1716.53;];
EW(280, :, :) = [  1832.36  1740.29  1770.51;  1740.29  1666.80   310.59;  1770.51   310.75  1720.92;];
EW(281, :, :) = [  1836.01  1743.81  1774.09;  1743.81  1670.24   245.52;  1774.09   245.67  1724.43;];
EW(282, :, :) = [  1838.45  1746.07  1776.50;  1746.07  1672.53     4.09;  1776.50     4.22  1726.77;];
EW(283, :, :) = [  1839.09  1746.01  1777.16;  1746.01  1672.95      nan;  1777.16      nan  1727.39;];
EW(284, :, :) = [  1836.66      nan  1774.77;      nan      nan      nan;  1774.77      nan  1725.04;];
EW(285, :, :) = [  1828.10      nan  1765.89;      nan      nan      nan;  1765.89      nan  1716.66;];
EW(286, :, :) = [  1805.23      nan      nan;      nan      nan      nan;      nan      nan      nan;];
EW(287, :, :) = [  1741.03      nan      nan;      nan      nan      nan;      nan      nan      nan;];
EW(288, :, :) = [  1500.00      nan      nan;      nan      nan      nan;      nan      nan      nan;];
