rho = [
0.000000
1.000000
2.000000
3.000000
4.000000
5.000000
6.000000
7.000000
8.000000
9.000000
10.000000
];
ll_rho3 = [
-1117832.483395
-1090244.750159
-1083061.458397
-1091989.554696
-1111579.109851
-1140187.684306
-1177199.851081
-1221233.838818
-1270585.629686
-1323773.679396
-1379646.931127
];
ll_rho13 = [
-1129242.813166	-1113067.681926	-1125323.189553	-1158238.946865	-1201082.521304	-1248814.719796	-1299642.428475	-1352644.809806	-1407283.686547	-1463259.650610	-1520428.033676	
-1115297.468806	-1094885.641845	-1099274.701374	-1123694.920026	-1159834.964260	-1203052.882553	-1251201.925534	-1302793.087051	-1356776.405569	-1412479.106099	-1469551.438741	
-1114243.978497	-1089313.773853	-1086177.334887	-1101272.337628	-1128378.429720	-1164360.151935	-1207433.216543	-1255835.505542	-1308040.617652	-1362894.055312	-1419610.689426	
-1119020.179240	-1090921.834001	-1083061.981530	-1090917.644443	-1109020.039967	-1135977.431380	-1171477.615498	-1214339.572393	-1262865.690260	-1315533.247210	-1371111.025182	
-1128103.158779	-1097359.040376	-1086373.025573	-1089825.159529	-1101248.549044	-1119690.211107	-1146337.157979	-1181419.008369	-1223989.325474	-1272490.815737	-1325441.069096	
-1141304.310184	-1107970.897099	-1094333.114666	-1094808.195644	-1102205.709441	-1114545.450726	-1133195.866185	-1159656.770850	-1194332.718173	-1236525.159454	-1284871.240086	
-1158907.235377	-1122641.975602	-1106435.664558	-1104368.291811	-1108961.083980	-1117619.461415	-1130713.085728	-1149709.718702	-1176050.993864	-1210320.003887	-1252058.662295	
-1181632.892823	-1141675.139536	-1122560.930732	-1118046.380419	-1120212.552645	-1126223.830869	-1135937.416350	-1149877.673855	-1169286.321187	-1195564.453765	-1229439.410399	
-1210669.073270	-1166126.449379	-1142903.400974	-1135673.839903	-1135511.031342	-1139203.940228	-1146412.311191	-1157234.366936	-1172037.715841	-1191893.056115	-1218155.410693	
-1247496.268908	-1198310.155777	-1168298.756249	-1157334.338047	-1154637.184244	-1156108.693187	-1161098.516786	-1169543.166142	-1181456.474050	-1197111.334149	-1217430.297845	
-1293189.401424	-1240359.498237	-1201198.574715	-1183604.794700	-1177580.289829	-1176674.261159	-1179539.796526	-1185857.802582	-1195509.163548	-1208473.938870	-1224956.827117	
];
