solve_message = 'Locally optimal solution';
solve_return =     0;
ml = -1082934.380321;
beta = 0.950000;
theta = 0.200000;
Um_ = [
3654.455807 2389.027081 1791.018664 
3667.443038 3113.923991 1757.316769 
];
b_ = [
0.661406 827.824086 1148.530088 
0.000178 849.780891 1127.637397 
];
c_ = [
338.182472 177.826087 195.588212 
338.182472 177.826087 195.588212 
];
