EW = zeros(288, 3, 3);
EW(  1, :, :) = [  2114.68      nan      nan;      nan      nan      nan;      nan      nan      nan;];
EW(  2, :, :) = [  2110.95      nan      nan;      nan      nan      nan;      nan      nan      nan;];
EW(  3, :, :) = [  2105.72      nan      nan;      nan      nan      nan;      nan      nan      nan;];
EW(  4, :, :) = [  2098.98      nan      nan;      nan      nan      nan;      nan      nan      nan;];
EW(  5, :, :) = [  2090.76      nan      nan;      nan      nan      nan;      nan      nan      nan;];
EW(  6, :, :) = [  2081.07      nan      nan;      nan      nan      nan;      nan      nan      nan;];
EW(  7, :, :) = [  2069.95      nan      nan;      nan      nan      nan;      nan      nan      nan;];
EW(  8, :, :) = [  2057.41      nan      nan;      nan      nan      nan;      nan      nan      nan;];
EW(  9, :, :) = [  2043.49      nan      nan;      nan      nan      nan;      nan      nan      nan;];
EW( 10, :, :) = [  2028.23      nan      nan;      nan      nan      nan;      nan      nan      nan;];
EW( 11, :, :) = [  2011.67      nan      nan;      nan      nan      nan;      nan      nan      nan;];
EW( 12, :, :) = [  1993.84      nan      nan;      nan      nan      nan;      nan      nan      nan;];
EW( 13, :, :) = [  1974.81      nan      nan;      nan      nan      nan;      nan      nan      nan;];
EW( 14, :, :) = [  1954.60      nan      nan;      nan      nan      nan;      nan      nan      nan;];
EW( 15, :, :) = [  1933.29      nan      nan;      nan      nan      nan;      nan      nan      nan;];
EW( 16, :, :) = [  1910.92      nan      nan;      nan      nan      nan;      nan      nan      nan;];
EW( 17, :, :) = [  1887.54      nan      nan;      nan      nan      nan;      nan      nan      nan;];
EW( 18, :, :) = [  1863.23      nan      nan;      nan      nan      nan;      nan      nan      nan;];
EW( 19, :, :) = [  1838.03      nan      nan;      nan      nan      nan;      nan      nan      nan;];
EW( 20, :, :) = [  1812.00      nan      nan;      nan      nan      nan;      nan      nan      nan;];
EW( 21, :, :) = [  1785.22      nan      nan;      nan      nan      nan;      nan      nan      nan;];
EW( 22, :, :) = [  1757.73      nan      nan;      nan      nan      nan;      nan      nan      nan;];
EW( 23, :, :) = [  1729.61      nan      nan;      nan      nan      nan;      nan      nan      nan;];
EW( 24, :, :) = [  1700.92      nan      nan;      nan      nan      nan;      nan      nan      nan;];
EW( 25, :, :) = [  1671.71      nan      nan;      nan      nan      nan;      nan      nan      nan;];
EW( 26, :, :) = [  1642.06      nan      nan;      nan      nan      nan;      nan      nan      nan;];
EW( 27, :, :) = [  1612.01      nan      nan;      nan      nan      nan;      nan      nan      nan;];
EW( 28, :, :) = [  1581.64      nan      nan;      nan      nan      nan;      nan      nan      nan;];
EW( 29, :, :) = [  1551.00      nan      nan;      nan      nan      nan;      nan      nan      nan;];
EW( 30, :, :) = [  1520.15      nan      nan;      nan      nan      nan;      nan      nan      nan;];
EW( 31, :, :) = [  1489.14      nan      nan;      nan      nan      nan;      nan      nan      nan;];
EW( 32, :, :) = [  1458.04      nan      nan;      nan      nan      nan;      nan      nan      nan;];
EW( 33, :, :) = [  1426.89      nan      nan;      nan      nan      nan;      nan      nan      nan;];
EW( 34, :, :) = [  1395.74      nan      nan;      nan      nan      nan;      nan      nan      nan;];
EW( 35, :, :) = [  1364.65      nan      nan;      nan      nan      nan;      nan      nan      nan;];
EW( 36, :, :) = [  1333.66      nan      nan;      nan      nan      nan;      nan      nan      nan;];
EW( 37, :, :) = [  1302.82      nan      nan;      nan      nan      nan;      nan      nan      nan;];
EW( 38, :, :) = [  1272.16      nan      nan;      nan      nan      nan;      nan      nan      nan;];
EW( 39, :, :) = [  1241.73      nan      nan;      nan      nan      nan;      nan      nan      nan;];
EW( 40, :, :) = [  1211.57      nan      nan;      nan      nan      nan;      nan      nan      nan;];
EW( 41, :, :) = [  1181.71      nan      nan;      nan      nan      nan;      nan      nan      nan;];
EW( 42, :, :) = [  1152.18      nan      nan;      nan      nan      nan;      nan      nan      nan;];
EW( 43, :, :) = [  1123.02      nan      nan;      nan      nan      nan;      nan      nan      nan;];
EW( 44, :, :) = [  1094.25      nan      nan;      nan      nan      nan;      nan      nan      nan;];
EW( 45, :, :) = [  1065.89      nan      nan;      nan      nan      nan;      nan      nan      nan;];
EW( 46, :, :) = [  1037.98      nan      nan;      nan      nan      nan;      nan      nan      nan;];
EW( 47, :, :) = [  1010.54      nan      nan;      nan      nan      nan;      nan      nan      nan;];
EW( 48, :, :) = [   983.57      nan      nan;      nan      nan      nan;      nan      nan      nan;];
EW( 49, :, :) = [   957.10      nan      nan;      nan      nan      nan;      nan      nan      nan;];
EW( 50, :, :) = [   931.15      nan      nan;      nan      nan      nan;      nan      nan      nan;];
EW( 51, :, :) = [   905.72      nan      nan;      nan      nan      nan;      nan      nan      nan;];
EW( 52, :, :) = [   880.83      nan      nan;      nan      nan      nan;      nan      nan      nan;];
EW( 53, :, :) = [   856.48      nan      nan;      nan      nan      nan;      nan      nan      nan;];
EW( 54, :, :) = [   832.69      nan      nan;      nan      nan      nan;      nan      nan      nan;];
EW( 55, :, :) = [   809.46      nan      nan;      nan      nan      nan;      nan      nan      nan;];
EW( 56, :, :) = [   786.78      nan      nan;      nan      nan      nan;      nan      nan      nan;];
EW( 57, :, :) = [   764.68      nan      nan;      nan      nan      nan;      nan      nan      nan;];
EW( 58, :, :) = [   743.13      nan      nan;      nan      nan      nan;      nan      nan      nan;];
EW( 59, :, :) = [   722.16      nan      nan;      nan      nan      nan;      nan      nan      nan;];
EW( 60, :, :) = [   701.74      nan      nan;      nan      nan      nan;      nan      nan      nan;];
EW( 61, :, :) = [   681.89      nan      nan;      nan      nan      nan;      nan      nan      nan;];
EW( 62, :, :) = [   662.59      nan      nan;      nan      nan      nan;      nan      nan      nan;];
EW( 63, :, :) = [   643.85      nan      nan;      nan      nan      nan;      nan      nan      nan;];
EW( 64, :, :) = [   625.65      nan      nan;      nan      nan      nan;      nan      nan      nan;];
EW( 65, :, :) = [   607.99      nan      nan;      nan      nan      nan;      nan      nan      nan;];
EW( 66, :, :) = [   590.87      nan      nan;      nan      nan      nan;      nan      nan      nan;];
EW( 67, :, :) = [   574.27      nan      nan;      nan      nan      nan;      nan      nan      nan;];
EW( 68, :, :) = [   558.18      nan      nan;      nan      nan      nan;      nan      nan      nan;];
EW( 69, :, :) = [   542.60      nan      nan;      nan      nan      nan;      nan      nan      nan;];
EW( 70, :, :) = [   527.52      nan      nan;      nan      nan      nan;      nan      nan      nan;];
EW( 71, :, :) = [   512.93      nan      nan;      nan      nan      nan;      nan      nan      nan;];
EW( 72, :, :) = [   498.82      nan      nan;      nan      nan      nan;      nan      nan      nan;];
EW( 73, :, :) = [   485.17   392.07      nan;   392.07   349.82      nan;      nan      nan      nan;];
EW( 74, :, :) = [   471.98   380.89      nan;   380.89   339.02      nan;      nan      nan      nan;];
EW( 75, :, :) = [   459.24   370.11      nan;   370.11   328.62      nan;      nan      nan      nan;];
EW( 76, :, :) = [   446.93   359.72      nan;   359.72   318.63      nan;      nan      nan      nan;];
EW( 77, :, :) = [   435.04   349.71      nan;   349.71   309.04      nan;      nan      nan      nan;];
EW( 78, :, :) = [   423.56   340.08      nan;   340.08   299.86      nan;      nan      nan      nan;];
EW( 79, :, :) = [   412.49   330.82      nan;   330.82   291.11      nan;      nan      nan      nan;];
EW( 80, :, :) = [   401.81   321.93      nan;   321.93   282.83      nan;      nan      nan      nan;];
EW( 81, :, :) = [   391.50   313.43      nan;   313.43   275.08      nan;      nan      nan      nan;];
EW( 82, :, :) = [   381.56   305.30      nan;   305.30   268.04      nan;      nan      nan      nan;];
EW( 83, :, :) = [   371.98   297.56      nan;   297.56   262.44      nan;      nan      nan      nan;];
EW( 84, :, :) = [   362.75   290.23      nan;   290.23   261.50      nan;      nan      nan      nan;];
EW( 85, :, :) = [   353.85   283.36      nan;   283.36   267.62      nan;      nan      nan      nan;];
EW( 86, :, :) = [   345.27   277.01      nan;   277.01   275.74      nan;      nan      nan      nan;];
EW( 87, :, :) = [   337.01   271.30      nan;   271.30   284.29      nan;      nan      nan      nan;];
EW( 88, :, :) = [   329.05   266.49      nan;   266.49   293.15      nan;      nan      nan      nan;];
EW( 89, :, :) = [   321.38   263.24      nan;   263.24   302.30      nan;      nan      nan      nan;];
EW( 90, :, :) = [   314.00   263.54      nan;   263.54   311.73      nan;      nan      nan      nan;];
EW( 91, :, :) = [   306.89   268.11      nan;   268.11   321.42      nan;      nan      nan      nan;];
EW( 92, :, :) = [   300.05   274.61      nan;   274.61   331.35      nan;      nan      nan      nan;];
EW( 93, :, :) = [   293.46   282.05      nan;   282.05   341.51      nan;      nan      nan      nan;];
EW( 94, :, :) = [   287.12   290.11      nan;   290.11   351.87      nan;      nan      nan      nan;];
EW( 95, :, :) = [   281.10   298.65      nan;   298.65   362.41      nan;      nan      nan      nan;];
EW( 96, :, :) = [   276.44   307.55      nan;   307.55   373.13      nan;      nan      nan      nan;];
EW( 97, :, :) = [   276.93   316.75      nan;   316.75   383.99      nan;      nan      nan      nan;];
EW( 98, :, :) = [   282.03   326.18      nan;   326.18   394.98      nan;      nan      nan      nan;];
EW( 99, :, :) = [   289.07   335.81      nan;   335.81   406.08      nan;      nan      nan      nan;];
EW(100, :, :) = [   297.01   345.60      nan;   345.60   417.27      nan;      nan      nan      nan;];
EW(101, :, :) = [   305.42   355.52      nan;   355.52   428.52      nan;      nan      nan      nan;];
EW(102, :, :) = [   314.14   365.54      nan;   365.54   439.81      nan;      nan      nan      nan;];
EW(103, :, :) = [   323.03   375.63      nan;   375.63   451.11      nan;      nan      nan      nan;];
EW(104, :, :) = [   332.03   385.77      nan;   385.77   462.42      nan;      nan      nan      nan;];
EW(105, :, :) = [   341.09   395.92      nan;   395.92   473.69      nan;      nan      nan      nan;];
EW(106, :, :) = [   350.17   406.07      nan;   406.07   484.91      nan;      nan      nan      nan;];
EW(107, :, :) = [   359.23   416.20      nan;   416.20   496.06      nan;      nan      nan      nan;];
EW(108, :, :) = [   368.24   426.28      nan;   426.28   507.10      nan;      nan      nan      nan;];
EW(109, :, :) = [   377.19   436.29      nan;   436.29   518.03      nan;      nan      nan      nan;];
EW(110, :, :) = [   386.04   446.20      nan;   446.20   528.82      nan;      nan      nan      nan;];
EW(111, :, :) = [   394.78   456.01      nan;   456.01   539.45      nan;      nan      nan      nan;];
EW(112, :, :) = [   403.39   465.69      nan;   465.69   549.91      nan;      nan      nan      nan;];
EW(113, :, :) = [   411.86   475.24      nan;   475.24   560.18      nan;      nan      nan      nan;];
EW(114, :, :) = [   420.18   484.63      nan;   484.63   570.26      nan;      nan      nan      nan;];
EW(115, :, :) = [   428.35   493.88      nan;   493.88   580.15      nan;      nan      nan      nan;];
EW(116, :, :) = [   436.36   502.97      nan;   502.97   589.84      nan;      nan      nan      nan;];
EW(117, :, :) = [   444.24   511.92      nan;   511.92   599.37      nan;      nan      nan      nan;];
EW(118, :, :) = [   452.01   520.75      nan;   520.75   608.74      nan;      nan      nan      nan;];
EW(119, :, :) = [   459.69   529.48      nan;   529.48   618.01      nan;      nan      nan      nan;];
EW(120, :, :) = [   467.32   538.16      nan;   538.16   627.23      nan;      nan      nan      nan;];
EW(121, :, :) = [   474.98   546.84   474.86;   546.84   636.46   546.58;   474.86   546.58   474.80;];
EW(122, :, :) = [   482.70   555.57   482.59;   555.57   645.78   555.33;   482.59   555.33   482.54;];
EW(123, :, :) = [   490.55   564.40   490.45;   564.40   655.23   564.17;   490.45   564.17   490.40;];
EW(124, :, :) = [   498.54   573.34   498.45;   573.34   664.86   573.13;   498.45   573.13   498.41;];
EW(125, :, :) = [   506.66   582.38   506.58;   582.38   674.64   582.18;   506.58   582.18   506.54;];
EW(126, :, :) = [   514.83   591.44   514.76;   591.44   684.48   591.26;   514.76   591.26   514.72;];
EW(127, :, :) = [   522.97   600.44   522.91;   600.44   694.28   600.26;   522.91   600.26   522.88;];
EW(128, :, :) = [   530.99   609.27   530.93;   609.27   703.93   609.10;   530.93   609.10   530.90;];
EW(129, :, :) = [   538.78   617.83   538.73;   617.83   713.31   617.68;   538.73   617.68   538.70;];
EW(130, :, :) = [   546.29   626.07   546.24;   626.07   722.34   625.92;   546.24   625.92   546.22;];
EW(131, :, :) = [   553.44   633.90   553.40;   633.90   730.95   633.76;   553.40   633.76   553.38;];
EW(132, :, :) = [   560.19   641.28   560.15;   641.28   739.07   641.15;   560.15   641.15   560.13;];
EW(133, :, :) = [   566.50   648.16   566.46;   648.16   746.65   648.03;   566.46   648.03   566.44;];
EW(134, :, :) = [   572.31   654.49   572.28;   654.49   753.65   654.38;   572.28   654.38   572.26;];
EW(135, :, :) = [   577.61   660.25   577.58;   660.25   760.02   660.14;   577.58   660.14   577.56;];
EW(136, :, :) = [   582.36   665.40   582.33;   665.40   765.73   665.29;   582.33   665.29   582.31;];
EW(137, :, :) = [   586.53   669.91   586.50;   669.91   770.74   669.81;   586.50   669.81   586.49;];
EW(138, :, :) = [   590.10   673.75   590.08;   673.75   775.04   673.66;   590.08   673.66   590.06;];
EW(139, :, :) = [   593.05   676.91   593.03;   676.91   778.59   676.82;   593.03   676.82   593.02;];
EW(140, :, :) = [   595.37   679.36   595.35;   679.36   781.37   679.28;   595.35   679.28   595.33;];
EW(141, :, :) = [   597.03   681.10   597.01;   681.10   783.37   681.02;   597.01   681.02   597.00;];
EW(142, :, :) = [   598.03   682.11   598.01;   682.11   784.58   682.03;   598.01   682.03   598.00;];
EW(143, :, :) = [   598.37   682.38   598.35;   682.38   784.98   682.30;   598.35   682.30   598.33;];
EW(144, :, :) = [   598.03   681.91   598.01;   681.91   784.57   681.83;   598.01   681.83   598.00;];
EW(145, :, :) = [   597.02   680.71   597.00;   680.71   783.36   680.63;   597.00   680.63   596.99;];
EW(146, :, :) = [   595.34   678.77   595.32;   678.77   781.34   678.69;   595.32   678.69   595.31;];
EW(147, :, :) = [   593.00   676.11   592.98;   676.11   778.53   676.02;   592.98   676.02   592.96;];
EW(148, :, :) = [   590.00   672.73   589.98;   672.73   774.93   672.63;   589.98   672.63   589.97;];
EW(149, :, :) = [   586.37   668.65   586.35;   668.65   770.56   668.55;   586.35   668.55   586.33;];
EW(150, :, :) = [   582.11   663.89   582.09;   663.89   765.44   663.78;   582.09   663.78   582.07;];
EW(151, :, :) = [   577.25   658.46   577.23;   658.46   759.59   658.35;   577.23   658.35   577.21;];
EW(152, :, :) = [   571.81   652.41   571.78;   652.41   753.05   652.29;   571.78   652.29   571.76;];
EW(153, :, :) = [   565.81   645.74   565.78;   645.74   745.83   645.61;   565.78   645.61   565.76;];
EW(154, :, :) = [   559.28   638.49   559.24;   638.49   737.97   638.36;   559.24   638.36   559.22;];
EW(155, :, :) = [   552.24   630.70   552.20;   630.70   729.51   630.56;   552.20   630.56   552.18;];
EW(156, :, :) = [   544.73   622.39   544.69;   622.39   720.47   622.24;   544.69   622.24   544.66;];
EW(157, :, :) = [   536.78   613.61   536.73;   613.61   710.91   613.44;   536.73   613.44   536.70;];
EW(158, :, :) = [   528.42   604.38   528.37;   604.38   700.85   604.20;   528.37   604.20   528.34;];
EW(159, :, :) = [   519.69   594.75   519.63;   594.75   690.34   594.56;   519.63   594.56   519.59;];
EW(160, :, :) = [   510.61   584.75   510.55;   584.75   679.41   584.54;   510.55   584.54   510.51;];
EW(161, :, :) = [   501.23   574.42   501.16;   574.42   668.12   574.20;   501.16   574.20   501.12;];
EW(162, :, :) = [   491.59   563.80   491.50;   563.80   656.50   563.56;   491.50   563.56   491.46;];
EW(163, :, :) = [   481.70   552.94   481.61;   552.94   644.60   552.67;   481.61   552.67   481.56;];
EW(164, :, :) = [   471.62   541.86   471.52;   541.86   632.45   541.57;   471.52   541.57   471.46;];
EW(165, :, :) = [   461.38   530.60   461.25;   530.60   620.09   530.29;   461.26   530.29   461.19;];
EW(166, :, :) = [   451.00   519.21   450.86;   519.21   607.57   518.86;   450.86   518.86   450.79;];
EW(167, :, :) = [   440.52   507.71   440.36;   507.71   594.93   507.33;   440.36   507.33   440.28;];
EW(168, :, :) = [   429.97   496.15   429.79;   496.15   582.19   495.73;   429.79   495.73   429.71;];
EW(169, :, :) = [   419.39   484.55   419.18;   484.55   569.40   484.08;   419.18   484.08   419.09;];
EW(170, :, :) = [   408.80   472.95   408.56;   472.95   556.59   472.43;   408.56   472.43   408.45;];
EW(171, :, :) = [   398.24   461.37   397.95;   461.37   543.79   460.79;   397.95   460.80   397.83;];
EW(172, :, :) = [   387.72   449.85   387.39;   449.85   531.04   449.21;   387.39   449.21   387.25;];
EW(173, :, :) = [   377.27   438.42   376.89;   438.42   518.36   437.70;   376.89   437.70   376.73;];
EW(174, :, :) = [   366.93   427.09   366.48;   427.09   505.77   426.29;   366.48   426.29   366.30;];
EW(175, :, :) = [   356.71   415.90   356.17;   415.90   493.31   415.00;   356.18   415.01   355.97;];
EW(176, :, :) = [   346.64   404.86   346.00;   404.86   480.99   403.85;   346.00   403.86   345.77;];
EW(177, :, :) = [   336.75   394.00   335.97;   394.00   468.84   392.86;   335.98   392.88   335.71;];
EW(178, :, :) = [   327.05   383.34   326.11;   383.34   456.87   382.05;   326.12   382.07   325.81;];
EW(179, :, :) = [   317.57   372.90   316.43;   372.90   445.10   371.44;   316.44   371.46   316.09;];
EW(180, :, :) = [   308.36   362.70   306.94;   362.70   433.54   361.03;   306.95   361.06   306.55;];
EW(181, :, :) = [   299.44   352.76   297.66;   352.76   422.22   350.84;   297.67   350.88   297.20;];
EW(182, :, :) = [   290.87   343.09   288.60;   343.09   411.13   340.89;   288.62   340.93   288.07;];
EW(183, :, :) = [   282.74   333.72   279.77;   333.72   400.30   331.17;   279.80   331.23   279.15;];
EW(184, :, :) = [   275.24   324.67   271.19;   324.67   389.72   321.70;   271.22   321.78   270.46;];
EW(185, :, :) = [   268.88   315.97   262.86;   315.97   379.41   312.49;   262.91   312.59   262.00;];
EW(186, :, :) = [   265.79   307.66   254.81;   307.66   369.37   303.55;   254.88   303.67   253.78;];
EW(187, :, :) = [   269.60   299.78   247.14;   299.78   359.60   294.86;   247.23   295.02   245.81;];
EW(188, :, :) = [   276.72   292.40   241.07;   292.40   350.10   286.45;   241.19   286.66   238.10;];
EW(189, :, :) = [   284.56   285.62   242.21;   285.62   340.89   278.32;   242.35   278.59   230.88;];
EW(190, :, :) = [   292.89   279.56   248.88;   279.55   331.95   270.47;   249.02   270.82   226.95;];
EW(191, :, :) = [   301.70   274.35   256.58;   274.35   323.29   262.91;   256.74   263.38   231.57;];
EW(192, :, :) = [   310.98   270.21   264.76;   270.21   314.91   255.67;   264.93   256.29   239.43;];
EW(193, :, :) = [   320.73   268.12   273.37;   268.12   306.80   248.84;   273.55   249.68   247.94;];
EW(194, :, :) = [   330.96   270.24   282.42;   270.24   298.97   243.22;   282.60   244.32   256.92;];
EW(195, :, :) = [   341.66   275.81   291.90;   275.81   291.40   242.16;   292.09   243.42   266.35;];
EW(196, :, :) = [   352.83   283.22   301.81;   283.22   284.11   246.49;   302.01   247.73   276.24;];
EW(197, :, :) = [   364.47   291.75   312.15;   291.75   277.31   252.89;   312.37   254.10   286.59;];
EW(198, :, :) = [   376.59   301.09   322.93;   301.09   274.03   260.23;   323.16   261.47   297.38;];
EW(199, :, :) = [   389.18   311.09   334.15;   311.09   278.15   268.29;   334.39   269.63   308.63;];
EW(200, :, :) = [   402.26   321.66   345.80;   321.66   286.08   276.96;   346.06   278.48   320.33;];
EW(201, :, :) = [   415.82   332.77   357.90;   332.77   295.69   286.20;   358.17   287.98   332.50;];
EW(202, :, :) = [   429.87   344.37   370.44;   344.37   306.29   295.96;   370.73   298.13   345.17;];
EW(203, :, :) = [   444.41   356.46   383.43;   356.46   317.64   306.22;   383.73   308.94   358.37;];
EW(204, :, :) = [   459.45   369.02   396.87;   369.02   329.60   316.96;   397.19   320.42   372.14;];
EW(205, :, :) = [   474.99   382.04   410.76;   382.04   342.11   328.19;   411.11   332.61   386.54;];
EW(206, :, :) = [   491.04   395.53   425.11;   395.53   355.13   339.89;   425.48   345.51   401.66;];
EW(207, :, :) = [   507.59   409.47   439.92;   409.47   368.64   352.06;   440.32   359.15   417.58;];
EW(208, :, :) = [   524.66   423.86   455.19;   423.86   382.63   364.71;   455.62   373.49   434.45;];
EW(209, :, :) = [   542.23   438.71   470.92;   438.71   397.09   377.84;   471.39   388.52   452.37;];
EW(210, :, :) = [   560.32   454.01   487.12;   454.01   412.01   391.48;   487.62   404.20   471.47;];
EW(211, :, :) = [   578.93   469.75   503.78;   469.75   427.38   405.66;   504.31   420.54   491.82;];
EW(212, :, :) = [   598.06   485.95   520.91;   485.95   443.20   420.52;   521.48   437.64   513.52;];
EW(213, :, :) = [   617.70   502.60   538.51;   502.60   459.46   436.45;   539.10   455.91   536.75;];
EW(214, :, :) = [   637.86   519.68   556.56;   519.68   476.17   454.42;   557.18   476.18   561.75;];
EW(215, :, :) = [   658.53   537.22   575.08;   537.22   493.32   475.51;   575.72   499.12   588.72;];
EW(216, :, :) = [   679.72   555.18   594.05;   555.18   510.91   499.19;   594.71   524.08   617.31;];
EW(217, :, :) = [   701.41   573.59   613.48;   573.59   528.92   523.51;   614.13   549.29   646.20;];
EW(218, :, :) = [   723.59   592.42   633.36;   592.42   547.36   546.24;   634.00   572.61   673.19;];
EW(219, :, :) = [   746.28   611.67   653.68;   611.67   566.21   565.16;   654.29   591.84   695.76;];
EW(220, :, :) = [   769.44   631.34   674.43;   631.34   585.47   578.34;   674.98   605.02   711.58;];
EW(221, :, :) = [   793.09   651.41   695.61;   651.41   605.14   584.38;   696.10   610.74   718.86;];
EW(222, :, :) = [   817.20   671.88   717.20;   671.88   625.19   586.88;   717.63   611.79   716.63;];
EW(223, :, :) = [   841.76   692.73   739.20;   692.73   645.63   602.57;   739.57   625.74   717.38;];
EW(224, :, :) = [   866.75   713.96   761.60;   713.96   666.43   620.78;   761.90   642.52   733.93;];
EW(225, :, :) = [   892.18   735.55   784.37;   735.55   687.59   639.31;   784.62   659.40   754.27;];
EW(226, :, :) = [   918.00   757.48   807.51;   757.48   709.09   658.14;   807.71   676.41   776.03;];
EW(227, :, :) = [   944.21   779.74   831.00;   779.74   730.91   677.28;   831.15   693.59   798.62;];
EW(228, :, :) = [   970.79   802.31   854.82;   802.31   753.04   696.71;   854.93   711.03   821.79;];
EW(229, :, :) = [   997.71   825.17   878.94;   825.17   775.45   716.44;   879.03   728.77   845.40;];
EW(230, :, :) = [  1024.95   848.30   903.35;   848.30   798.13   736.45;   903.41   746.86   869.38;];
EW(231, :, :) = [  1052.48   871.68   928.02;   871.68   821.05   756.74;   928.07   765.34   893.67;];
EW(232, :, :) = [  1080.27   895.28   952.94;   895.28   844.20   777.27;   952.97   784.25   918.22;];
EW(233, :, :) = [  1108.30   919.09   978.06;   919.09   867.54   798.02;   978.08   803.58   943.00;];
EW(234, :, :) = [  1136.53   943.07  1003.37;   943.07   891.05   818.97;  1003.38   823.33   967.98;];
EW(235, :, :) = [  1164.93   967.19  1028.83;   967.19   914.70   840.08;  1028.84   843.46   993.10;];
EW(236, :, :) = [  1193.47   991.43  1054.41;   991.43   938.47   861.33;  1054.42   863.93  1018.36;];
EW(237, :, :) = [  1222.10  1015.75  1080.08;  1015.75   962.32   882.67;  1080.09   884.67  1043.70;];
EW(238, :, :) = [  1250.79  1040.13  1105.81;  1040.13   986.22   904.09;  1105.81   905.62  1069.10;];
EW(239, :, :) = [  1279.51  1064.52  1131.55;  1064.52  1010.13   925.53;  1131.56   926.72  1094.52;];
EW(240, :, :) = [  1308.20  1088.90  1157.29;  1088.90  1034.03   946.99;  1157.29   947.91  1119.92;];
EW(241, :, :) = [  1336.84  1113.23  1182.96;  1113.23  1057.88   968.41;  1182.96   969.12  1145.26;];
EW(242, :, :) = [  1365.36  1137.47  1208.55;  1137.47  1081.64   989.76;  1208.55   990.32  1170.52;];
EW(243, :, :) = [  1393.74  1161.59  1233.99;  1161.59  1105.28  1011.01;  1234.00  1011.46  1195.64;];
EW(244, :, :) = [  1421.92  1185.54  1259.27;  1185.54  1128.75  1032.13;  1259.27  1032.48  1220.58;];
EW(245, :, :) = [  1449.85  1209.29  1284.33;  1209.29  1152.02  1053.07;  1284.33  1053.35  1245.31;];
EW(246, :, :) = [  1477.50  1232.79  1309.13;  1232.79  1175.04  1073.80;  1309.13  1074.03  1269.78;];
EW(247, :, :) = [  1504.80  1256.01  1333.63;  1256.01  1197.78  1094.29;  1333.63  1094.47  1293.96;];
EW(248, :, :) = [  1531.72  1278.90  1357.79;  1278.90  1220.21  1114.49;  1357.79  1114.64  1317.79;];
EW(249, :, :) = [  1558.20  1301.43  1381.56;  1301.43  1242.27  1134.38;  1381.56  1134.50  1341.23;];
EW(250, :, :) = [  1584.20  1323.56  1404.90;  1323.56  1263.92  1153.91;  1404.90  1154.01  1364.25;];
EW(251, :, :) = [  1609.67  1345.24  1427.77;  1345.24  1285.14  1173.05;  1427.77  1173.13  1386.80;];
EW(252, :, :) = [  1634.57  1366.43  1450.13;  1366.43  1305.88  1191.76;  1450.13  1191.83  1408.84;];
EW(253, :, :) = [  1658.84  1387.10  1471.93;  1387.10  1326.09  1210.01;  1471.93  1210.07  1430.32;];
EW(254, :, :) = [  1677.26  1402.89  1488.55;  1402.89  1341.44  1223.95;  1488.55  1223.99  1446.63;];
EW(255, :, :) = [  1695.39  1418.44  1504.91;  1418.44  1356.54  1237.67;  1504.91  1237.71  1462.69;];
EW(256, :, :) = [  1713.23  1433.73  1521.00;  1433.73  1371.40  1251.17;  1521.00  1251.20  1478.48;];
EW(257, :, :) = [  1730.76  1448.76  1536.82;  1448.76  1386.00  1264.43;  1536.82  1264.46  1494.00;];
EW(258, :, :) = [  1747.98  1463.52  1552.35;  1463.52  1400.34  1277.46;  1552.35  1277.48  1509.23;];
EW(259, :, :) = [  1764.87  1478.00  1567.60;  1478.00  1414.41  1290.25;  1567.60  1290.27  1524.19;];
EW(260, :, :) = [  1781.44  1492.20  1582.55;  1492.20  1428.21  1302.79;  1582.55  1302.81  1538.86;];
EW(261, :, :) = [  1797.70  1506.13  1597.22;  1506.13  1441.76  1315.10;  1597.22  1315.11  1553.25;];
EW(262, :, :) = [  1813.65  1519.80  1611.61;  1519.80  1455.04  1327.17;  1611.61  1327.18  1567.37;];
EW(263, :, :) = [  1829.32  1533.23  1625.74;  1533.23  1468.10  1339.03;  1625.74  1339.03  1581.25;];
EW(264, :, :) = [  1844.74  1546.43  1639.65;  1546.43  1480.94  1350.69;  1639.65  1350.70  1594.90;];
EW(265, :, :) = [  1859.97  1559.46  1653.37;  1559.46  1493.62  1362.20;  1653.37  1362.21  1608.38;];
EW(266, :, :) = [  1875.06  1572.37  1666.97;  1572.37  1506.20  1373.60;  1666.97  1373.61  1621.74;];
EW(267, :, :) = [  1890.11  1585.23  1680.53;  1585.23  1518.74  1384.97;  1680.53  1384.97  1635.07;];
EW(268, :, :) = [  1905.23  1598.13  1694.13;  1598.13  1531.33  1396.37;  1694.13  1396.37  1648.45;];
EW(269, :, :) = [  1920.52  1611.15  1707.88;  1611.15  1544.06  1407.88;  1707.88  1407.88  1661.98;];
EW(270, :, :) = [  1936.07  1624.39  1721.85;  1624.39  1557.02  1419.58;  1721.85  1419.58  1675.75;];
EW(271, :, :) = [  1951.92  1637.86  1736.07;  1637.86  1570.22  1431.48;  1736.07  1431.49  1689.79;];
EW(272, :, :) = [  1968.02  1651.51  1750.50;  1651.51  1583.63  1443.56;  1750.50  1443.56  1704.04;];
EW(273, :, :) = [  1984.19  1665.22  1765.00;  1665.22  1597.10  1455.68;  1765.00  1455.68  1718.36;];
EW(274, :, :) = [  2000.21  1678.78  1779.33;  1678.78  1610.44  1467.66;  1779.33  1467.66  1732.53;];
EW(275, :, :) = [  2015.79  1691.96  1793.28;  1691.96  1623.42  1479.32;  1793.28  1479.32  1746.33;];
EW(276, :, :) = [  2030.71  1704.56  1806.62;  1704.56  1635.85  1490.47;  1806.62  1490.47  1759.53;];
EW(277, :, :) = [  2044.75  1716.42  1819.17;  1716.42  1647.54  1500.96;  1819.17  1500.96  1771.96;];
EW(278, :, :) = [  2057.75  1727.41  1830.80;  1727.41  1658.37  1510.67;  1830.80  1510.67  1783.48;];
EW(279, :, :) = [  2069.59  1737.39  1841.38;  1737.39  1668.23  1519.50;  1841.38  1519.50  1793.95;];
EW(280, :, :) = [  2080.14  1746.30  1850.81;  1746.30  1677.02   104.53;  1850.81   104.58  1803.29;];
EW(281, :, :) = [  2089.28  1754.01  1858.98;  1754.01  1684.64    82.29;  1858.98    82.34  1811.39;];
EW(282, :, :) = [  2096.87  1760.41  1865.76;  1760.41  1690.96     1.36;  1865.76     1.41  1818.11;];
EW(283, :, :) = [  2102.67  1765.30  1870.95;  1765.30  1695.79      nan;  1870.95      nan  1823.25;];
EW(284, :, :) = [  2106.23      nan  1874.14;      nan      nan      nan;  1874.14      nan  1826.40;];
EW(285, :, :) = [  2106.54      nan  1874.44;      nan      nan      nan;  1874.44      nan  1826.66;];
EW(286, :, :) = [  2100.87      nan      nan;      nan      nan      nan;      nan      nan      nan;];
EW(287, :, :) = [  2080.30      nan      nan;      nan      nan      nan;      nan      nan      nan;];
EW(288, :, :) = [  2000.00      nan      nan;      nan      nan      nan;      nan      nan      nan;];
