EW = zeros(288, 3, 3);
EW(  1, :, :) = [   129.748   -99.000   -99.000;   -99.000   -99.000   -99.000;   -99.000   -99.000   -99.000;];
EW(  2, :, :) = [   131.477   -99.000   -99.000;   -99.000   -99.000   -99.000;   -99.000   -99.000   -99.000;];
EW(  3, :, :) = [   133.158   -99.000   -99.000;   -99.000   -99.000   -99.000;   -99.000   -99.000   -99.000;];
EW(  4, :, :) = [   134.787   -99.000   -99.000;   -99.000   -99.000   -99.000;   -99.000   -99.000   -99.000;];
EW(  5, :, :) = [   136.357   -99.000   -99.000;   -99.000   -99.000   -99.000;   -99.000   -99.000   -99.000;];
EW(  6, :, :) = [   137.864   -99.000   -99.000;   -99.000   -99.000   -99.000;   -99.000   -99.000   -99.000;];
EW(  7, :, :) = [   139.303   -99.000   -99.000;   -99.000   -99.000   -99.000;   -99.000   -99.000   -99.000;];
EW(  8, :, :) = [   140.670   -99.000   -99.000;   -99.000   -99.000   -99.000;   -99.000   -99.000   -99.000;];
EW(  9, :, :) = [   141.960   -99.000   -99.000;   -99.000   -99.000   -99.000;   -99.000   -99.000   -99.000;];
EW( 10, :, :) = [   143.169   -99.000   -99.000;   -99.000   -99.000   -99.000;   -99.000   -99.000   -99.000;];
EW( 11, :, :) = [   144.293   -99.000   -99.000;   -99.000   -99.000   -99.000;   -99.000   -99.000   -99.000;];
EW( 12, :, :) = [   145.330   -99.000   -99.000;   -99.000   -99.000   -99.000;   -99.000   -99.000   -99.000;];
EW( 13, :, :) = [   146.275   -99.000   -99.000;   -99.000   -99.000   -99.000;   -99.000   -99.000   -99.000;];
EW( 14, :, :) = [   147.128   -99.000   -99.000;   -99.000   -99.000   -99.000;   -99.000   -99.000   -99.000;];
EW( 15, :, :) = [   147.885   -99.000   -99.000;   -99.000   -99.000   -99.000;   -99.000   -99.000   -99.000;];
EW( 16, :, :) = [   148.545   -99.000   -99.000;   -99.000   -99.000   -99.000;   -99.000   -99.000   -99.000;];
EW( 17, :, :) = [   149.108   -99.000   -99.000;   -99.000   -99.000   -99.000;   -99.000   -99.000   -99.000;];
EW( 18, :, :) = [   149.570   -99.000   -99.000;   -99.000   -99.000   -99.000;   -99.000   -99.000   -99.000;];
EW( 19, :, :) = [   149.932   -99.000   -99.000;   -99.000   -99.000   -99.000;   -99.000   -99.000   -99.000;];
EW( 20, :, :) = [   150.191   -99.000   -99.000;   -99.000   -99.000   -99.000;   -99.000   -99.000   -99.000;];
EW( 21, :, :) = [   150.346   -99.000   -99.000;   -99.000   -99.000   -99.000;   -99.000   -99.000   -99.000;];
EW( 22, :, :) = [   150.395   -99.000   -99.000;   -99.000   -99.000   -99.000;   -99.000   -99.000   -99.000;];
EW( 23, :, :) = [   150.338   -99.000   -99.000;   -99.000   -99.000   -99.000;   -99.000   -99.000   -99.000;];
EW( 24, :, :) = [   150.171   -99.000   -99.000;   -99.000   -99.000   -99.000;   -99.000   -99.000   -99.000;];
EW( 25, :, :) = [   149.893   -99.000   -99.000;   -99.000   -99.000   -99.000;   -99.000   -99.000   -99.000;];
EW( 26, :, :) = [   149.505   -99.000   -99.000;   -99.000   -99.000   -99.000;   -99.000   -99.000   -99.000;];
EW( 27, :, :) = [   149.005   -99.000   -99.000;   -99.000   -99.000   -99.000;   -99.000   -99.000   -99.000;];
EW( 28, :, :) = [   148.394   -99.000   -99.000;   -99.000   -99.000   -99.000;   -99.000   -99.000   -99.000;];
EW( 29, :, :) = [   147.674   -99.000   -99.000;   -99.000   -99.000   -99.000;   -99.000   -99.000   -99.000;];
EW( 30, :, :) = [   146.847   -99.000   -99.000;   -99.000   -99.000   -99.000;   -99.000   -99.000   -99.000;];
EW( 31, :, :) = [   145.914   -99.000   -99.000;   -99.000   -99.000   -99.000;   -99.000   -99.000   -99.000;];
EW( 32, :, :) = [   144.880   -99.000   -99.000;   -99.000   -99.000   -99.000;   -99.000   -99.000   -99.000;];
EW( 33, :, :) = [   143.749   -99.000   -99.000;   -99.000   -99.000   -99.000;   -99.000   -99.000   -99.000;];
EW( 34, :, :) = [   142.524   -99.000   -99.000;   -99.000   -99.000   -99.000;   -99.000   -99.000   -99.000;];
EW( 35, :, :) = [   141.211   -99.000   -99.000;   -99.000   -99.000   -99.000;   -99.000   -99.000   -99.000;];
EW( 36, :, :) = [   139.815   -99.000   -99.000;   -99.000   -99.000   -99.000;   -99.000   -99.000   -99.000;];
EW( 37, :, :) = [   138.341    79.296   -99.000;    79.296   228.417   -99.000;   -99.000   -99.000   -99.000;];
EW( 38, :, :) = [   136.796    78.625   -99.000;    78.625   228.440   -99.000;   -99.000   -99.000   -99.000;];
EW( 39, :, :) = [   135.183    77.925   -99.000;    77.925   228.462   -99.000;   -99.000   -99.000   -99.000;];
EW( 40, :, :) = [   133.511    77.198   -99.000;    77.198   228.484   -99.000;   -99.000   -99.000   -99.000;];
EW( 41, :, :) = [   131.784    76.449   -99.000;    76.449   228.505   -99.000;   -99.000   -99.000   -99.000;];
EW( 42, :, :) = [   130.008    75.679   -99.000;    75.679   228.526   -99.000;   -99.000   -99.000   -99.000;];
EW( 43, :, :) = [   128.190    74.891   -99.000;    74.891   228.546   -99.000;   -99.000   -99.000   -99.000;];
EW( 44, :, :) = [   126.334    74.089   -99.000;    74.089   228.565   -99.000;   -99.000   -99.000   -99.000;];
EW( 45, :, :) = [   124.446    73.275   -99.000;    73.275   228.585   -99.000;   -99.000   -99.000   -99.000;];
EW( 46, :, :) = [   122.533    72.452   -99.000;    72.452   228.603   -99.000;   -99.000   -99.000   -99.000;];
EW( 47, :, :) = [   120.598    71.623   -99.000;    71.623   228.621   -99.000;   -99.000   -99.000   -99.000;];
EW( 48, :, :) = [   118.647    70.790   -99.000;    70.790   228.639   -99.000;   -99.000   -99.000   -99.000;];
EW( 49, :, :) = [   116.685    69.955   -99.000;    69.955   228.656   -99.000;   -99.000   -99.000   -99.000;];
EW( 50, :, :) = [   114.716    69.121   -99.000;    69.121   228.673   -99.000;   -99.000   -99.000   -99.000;];
EW( 51, :, :) = [   112.744    68.290   -99.000;    68.290   228.689   -99.000;   -99.000   -99.000   -99.000;];
EW( 52, :, :) = [   110.772    67.464   -99.000;    67.464   228.706   -99.000;   -99.000   -99.000   -99.000;];
EW( 53, :, :) = [   108.806    66.645   -99.000;    66.645   228.721   -99.000;   -99.000   -99.000   -99.000;];
EW( 54, :, :) = [   106.848    65.834   -99.000;    65.834   228.737   -99.000;   -99.000   -99.000   -99.000;];
EW( 55, :, :) = [   104.901    65.034   -99.000;    65.034   228.752   -99.000;   -99.000   -99.000   -99.000;];
EW( 56, :, :) = [   102.968    64.245   -99.000;    64.245   228.766   -99.000;   -99.000   -99.000   -99.000;];
EW( 57, :, :) = [   101.052    63.470   -99.000;    63.470   228.781   -99.000;   -99.000   -99.000   -99.000;];
EW( 58, :, :) = [    99.154    62.709   -99.000;    62.709   228.795   -99.000;   -99.000   -99.000   -99.000;];
EW( 59, :, :) = [    97.278    61.963   -99.000;    61.963   228.809   -99.000;   -99.000   -99.000   -99.000;];
EW( 60, :, :) = [    95.425    61.234   -99.000;    61.234   228.823   -99.000;   -99.000   -99.000   -99.000;];
EW( 61, :, :) = [    93.596    60.523   -99.000;    60.523   228.836   -99.000;   -99.000   -99.000   -99.000;];
EW( 62, :, :) = [    91.794    59.831   -99.000;    59.831   228.849   -99.000;   -99.000   -99.000   -99.000;];
EW( 63, :, :) = [    90.019    59.158   -99.000;    59.158   228.862   -99.000;   -99.000   -99.000   -99.000;];
EW( 64, :, :) = [    88.272    58.505   -99.000;    58.505   228.875   -99.000;   -99.000   -99.000   -99.000;];
EW( 65, :, :) = [    86.555    57.871   -99.000;    57.871   110.979   -99.000;   -99.000   -99.000   -99.000;];
EW( 66, :, :) = [    84.867    57.259   -99.000;    57.259   111.405   -99.000;   -99.000   -99.000   -99.000;];
EW( 67, :, :) = [    83.211    56.668   -99.000;    56.668   111.842   -99.000;   -99.000   -99.000   -99.000;];
EW( 68, :, :) = [    81.585    56.100   -99.000;    56.100   112.291   -99.000;   -99.000   -99.000   -99.000;];
EW( 69, :, :) = [    79.991    55.554   -99.000;    55.554   112.751   -99.000;   -99.000   -99.000   -99.000;];
EW( 70, :, :) = [    78.429    55.030   -99.000;    55.030   113.223   -99.000;   -99.000   -99.000   -99.000;];
