EW = zeros(288, 3, 3);
EW(  1, :, :) = [   265.256   -99.000   -99.000;   -99.000   -99.000   -99.000;   -99.000   -99.000   -99.000;];
EW(  2, :, :) = [   268.084   -99.000   -99.000;   -99.000   -99.000   -99.000;   -99.000   -99.000   -99.000;];
EW(  3, :, :) = [   270.789   -99.000   -99.000;   -99.000   -99.000   -99.000;   -99.000   -99.000   -99.000;];
EW(  4, :, :) = [   273.366   -99.000   -99.000;   -99.000   -99.000   -99.000;   -99.000   -99.000   -99.000;];
EW(  5, :, :) = [   275.810   -99.000   -99.000;   -99.000   -99.000   -99.000;   -99.000   -99.000   -99.000;];
EW(  6, :, :) = [   278.118   -99.000   -99.000;   -99.000   -99.000   -99.000;   -99.000   -99.000   -99.000;];
EW(  7, :, :) = [   280.290   -99.000   -99.000;   -99.000   -99.000   -99.000;   -99.000   -99.000   -99.000;];
EW(  8, :, :) = [   282.328   -99.000   -99.000;   -99.000   -99.000   -99.000;   -99.000   -99.000   -99.000;];
EW(  9, :, :) = [   284.236   -99.000   -99.000;   -99.000   -99.000   -99.000;   -99.000   -99.000   -99.000;];
EW( 10, :, :) = [   286.024   -99.000   -99.000;   -99.000   -99.000   -99.000;   -99.000   -99.000   -99.000;];
EW( 11, :, :) = [   287.704   -99.000   -99.000;   -99.000   -99.000   -99.000;   -99.000   -99.000   -99.000;];
EW( 12, :, :) = [   289.291   -99.000   -99.000;   -99.000   -99.000   -99.000;   -99.000   -99.000   -99.000;];
EW( 13, :, :) = [   290.798   -99.000   -99.000;   -99.000   -99.000   -99.000;   -99.000   -99.000   -99.000;];
EW( 14, :, :) = [   292.234   -99.000   -99.000;   -99.000   -99.000   -99.000;   -99.000   -99.000   -99.000;];
EW( 15, :, :) = [   293.595   -99.000   -99.000;   -99.000   -99.000   -99.000;   -99.000   -99.000   -99.000;];
EW( 16, :, :) = [   294.869   -99.000   -99.000;   -99.000   -99.000   -99.000;   -99.000   -99.000   -99.000;];
EW( 17, :, :) = [   296.027   -99.000   -99.000;   -99.000   -99.000   -99.000;   -99.000   -99.000   -99.000;];
EW( 18, :, :) = [   297.043   -99.000   -99.000;   -99.000   -99.000   -99.000;   -99.000   -99.000   -99.000;];
EW( 19, :, :) = [   297.890   -99.000   -99.000;   -99.000   -99.000   -99.000;   -99.000   -99.000   -99.000;];
EW( 20, :, :) = [   298.546   -99.000   -99.000;   -99.000   -99.000   -99.000;   -99.000   -99.000   -99.000;];
EW( 21, :, :) = [   298.995   -99.000   -99.000;   -99.000   -99.000   -99.000;   -99.000   -99.000   -99.000;];
EW( 22, :, :) = [   299.226   -99.000   -99.000;   -99.000   -99.000   -99.000;   -99.000   -99.000   -99.000;];
EW( 23, :, :) = [   299.230   -99.000   -99.000;   -99.000   -99.000   -99.000;   -99.000   -99.000   -99.000;];
EW( 24, :, :) = [   299.001   -99.000   -99.000;   -99.000   -99.000   -99.000;   -99.000   -99.000   -99.000;];
EW( 25, :, :) = [   298.538   -99.000   -99.000;   -99.000   -99.000   -99.000;   -99.000   -99.000   -99.000;];
EW( 26, :, :) = [   297.839   -99.000   -99.000;   -99.000   -99.000   -99.000;   -99.000   -99.000   -99.000;];
EW( 27, :, :) = [   296.906   -99.000   -99.000;   -99.000   -99.000   -99.000;   -99.000   -99.000   -99.000;];
EW( 28, :, :) = [   295.741   -99.000   -99.000;   -99.000   -99.000   -99.000;   -99.000   -99.000   -99.000;];
EW( 29, :, :) = [   294.348   -99.000   -99.000;   -99.000   -99.000   -99.000;   -99.000   -99.000   -99.000;];
EW( 30, :, :) = [   292.734   -99.000   -99.000;   -99.000   -99.000   -99.000;   -99.000   -99.000   -99.000;];
EW( 31, :, :) = [   290.903   -99.000   -99.000;   -99.000   -99.000   -99.000;   -99.000   -99.000   -99.000;];
EW( 32, :, :) = [   288.864   -99.000   -99.000;   -99.000   -99.000   -99.000;   -99.000   -99.000   -99.000;];
EW( 33, :, :) = [   286.627   -99.000   -99.000;   -99.000   -99.000   -99.000;   -99.000   -99.000   -99.000;];
EW( 34, :, :) = [   284.199   -99.000   -99.000;   -99.000   -99.000   -99.000;   -99.000   -99.000   -99.000;];
EW( 35, :, :) = [   281.592   -99.000   -99.000;   -99.000   -99.000   -99.000;   -99.000   -99.000   -99.000;];
EW( 36, :, :) = [   278.816   -99.000   -99.000;   -99.000   -99.000   -99.000;   -99.000   -99.000   -99.000;];
EW( 37, :, :) = [   275.882   184.936   -99.000;   184.936   137.373   -99.000;   -99.000   -99.000   -99.000;];
EW( 38, :, :) = [   272.802   182.533   -99.000;   182.533   137.709   -99.000;   -99.000   -99.000   -99.000;];
EW( 39, :, :) = [   269.588   180.033   -99.000;   180.033   138.086   -99.000;   -99.000   -99.000   -99.000;];
EW( 40, :, :) = [   266.252   177.445   -99.000;   177.445   138.436   -99.000;   -99.000   -99.000   -99.000;];
EW( 41, :, :) = [   262.805   174.778   -99.000;   174.778   138.868   -99.000;   -99.000   -99.000   -99.000;];
EW( 42, :, :) = [   259.260   172.041   -99.000;   172.041   139.335   -99.000;   -99.000   -99.000   -99.000;];
EW( 43, :, :) = [   255.628   169.244   -99.000;   169.244   139.834   -99.000;   -99.000   -99.000   -99.000;];
EW( 44, :, :) = [   251.921   166.395   -99.000;   166.395   140.195   -99.000;   -99.000   -99.000   -99.000;];
EW( 45, :, :) = [   248.149   163.503   -99.000;   163.503   140.704   -99.000;   -99.000   -99.000   -99.000;];
EW( 46, :, :) = [   244.325   160.578   -99.000;   160.578   141.235   -99.000;   -99.000   -99.000   -99.000;];
EW( 47, :, :) = [   240.457   157.626   -99.000;   157.626   141.729   -99.000;   -99.000   -99.000   -99.000;];
EW( 48, :, :) = [   236.556   154.657   -99.000;   154.657   142.280   -99.000;   -99.000   -99.000   -99.000;];
EW( 49, :, :) = [   232.632   151.678   -99.000;   151.678   142.847   -99.000;   -99.000   -99.000   -99.000;];
EW( 50, :, :) = [   228.693   148.698   -99.000;   148.698   149.683   -99.000;   -99.000   -99.000   -99.000;];
EW( 51, :, :) = [   224.747   145.724   -99.000;   145.724   149.956   -99.000;   -99.000   -99.000   -99.000;];
EW( 52, :, :) = [   220.804   142.765   -99.000;   142.765   150.243   -99.000;   -99.000   -99.000   -99.000;];
EW( 53, :, :) = [   216.869   139.831   -99.000;   139.831   150.543   -99.000;   -99.000   -99.000   -99.000;];
EW( 54, :, :) = [   212.950   136.931   -99.000;   136.931   150.857   -99.000;   -99.000   -99.000   -99.000;];
EW( 55, :, :) = [   209.053   134.080   -99.000;   134.080   151.184   -99.000;   -99.000   -99.000   -99.000;];
EW( 56, :, :) = [   205.184   131.295   -99.000;   131.295   151.521   -99.000;   -99.000   -99.000   -99.000;];
EW( 57, :, :) = [   201.347   128.604   -99.000;   128.604   151.864   -99.000;   -99.000   -99.000   -99.000;];
EW( 58, :, :) = [   197.548   126.050   -99.000;   126.050   152.206   -99.000;   -99.000   -99.000   -99.000;];
EW( 59, :, :) = [   193.791   123.704   -99.000;   123.704   152.535   -99.000;   -99.000   -99.000   -99.000;];
EW( 60, :, :) = [   190.079   121.650   -99.000;   121.650   152.842   -99.000;   -99.000   -99.000   -99.000;];
EW( 61, :, :) = [   186.416   119.915   -99.000;   119.915   153.127   -99.000;   -99.000   -99.000   -99.000;];
EW( 62, :, :) = [   182.805   118.403   -99.000;   118.403   153.414   -99.000;   -99.000   -99.000   -99.000;];
EW( 63, :, :) = [   179.248   117.004   -99.000;   117.004   153.725   -99.000;   -99.000   -99.000   -99.000;];
EW( 64, :, :) = [   175.748   115.667   -99.000;   115.667   154.096   -99.000;   -99.000   -99.000   -99.000;];
EW( 65, :, :) = [   172.306   114.377   -99.000;   114.377   154.608   -99.000;   -99.000   -99.000   -99.000;];
EW( 66, :, :) = [   168.924   113.129   -99.000;   113.129   155.261   -99.000;   -99.000   -99.000   -99.000;];
EW( 67, :, :) = [   165.603   111.924   -99.000;   111.924   156.033   -99.000;   -99.000   -99.000   -99.000;];
EW( 68, :, :) = [   162.344   110.762   -99.000;   110.762   156.884   -99.000;   -99.000   -99.000   -99.000;];
EW( 69, :, :) = [   159.147   109.644   -99.000;   109.644   157.783   -99.000;   -99.000   -99.000   -99.000;];
EW( 70, :, :) = [   156.014   108.570   -99.000;   108.570   158.719   -99.000;   -99.000   -99.000   -99.000;];
EW( 71, :, :) = [   152.945   107.541   -99.000;   107.541   159.684   -99.000;   -99.000   -99.000   -99.000;];
EW( 72, :, :) = [   149.938   106.558   -99.000;   106.558   160.678   -99.000;   -99.000   -99.000   -99.000;];
EW( 73, :, :) = [   146.996   105.620   -99.000;   105.620   161.700   -99.000;   -99.000   -99.000   -99.000;];
EW( 74, :, :) = [   144.117   104.729   -99.000;   104.729   162.749   -99.000;   -99.000   -99.000   -99.000;];
EW( 75, :, :) = [   141.300   103.884   -99.000;   103.884   163.827   -99.000;   -99.000   -99.000   -99.000;];
EW( 76, :, :) = [   138.546   103.087   -99.000;   103.087   164.934   -99.000;   -99.000   -99.000   -99.000;];
EW( 77, :, :) = [   135.854   102.337   -99.000;   102.337   166.071   -99.000;   -99.000   -99.000   -99.000;];
EW( 78, :, :) = [   133.224   101.635   -99.000;   101.635   167.240   -99.000;   -99.000   -99.000   -99.000;];
EW( 79, :, :) = [   130.653   100.981   -99.000;   100.981   168.441   -99.000;   -99.000   -99.000   -99.000;];
EW( 80, :, :) = [   128.143   100.375   -99.000;   100.375   169.675   -99.000;   -99.000   -99.000   -99.000;];
EW( 81, :, :) = [   125.690    99.819   -99.000;    99.819   170.945   -99.000;   -99.000   -99.000   -99.000;];
EW( 82, :, :) = [   123.296    99.312   -99.000;    99.312   172.250   -99.000;   -99.000   -99.000   -99.000;];
EW( 83, :, :) = [   120.959    98.856   -99.000;    98.856   173.592   -99.000;   -99.000   -99.000   -99.000;];
EW( 84, :, :) = [   118.677    98.450   -99.000;    98.450   174.973   -99.000;   -99.000   -99.000   -99.000;];
EW( 85, :, :) = [   116.450    98.097   -99.000;    98.097   176.394   -99.000;   -99.000   -99.000   -99.000;];
EW( 86, :, :) = [   114.276    97.798   -99.000;    97.798   177.856   -99.000;   -99.000   -99.000   -99.000;];
EW( 87, :, :) = [   112.155    97.554   -99.000;    97.554   179.362   -99.000;   -99.000   -99.000   -99.000;];
EW( 88, :, :) = [   110.086    97.372   -99.000;    97.372   180.911   -99.000;   -99.000   -99.000   -99.000;];
EW( 89, :, :) = [   108.066    97.268   -99.000;    97.268   182.505   -99.000;   -99.000   -99.000   -99.000;];
EW( 90, :, :) = [   106.096    97.285   -99.000;    97.285   184.142   -99.000;   -99.000   -99.000   -99.000;];
EW( 91, :, :) = [   104.174    97.515   -99.000;    97.515   185.791   -99.000;   -99.000   -99.000   -99.000;];
EW( 92, :, :) = [   102.299    98.028   -99.000;    98.028   187.375   -99.000;   -99.000   -99.000   -99.000;];
EW( 93, :, :) = [   100.469    98.782   -99.000;    98.782   188.864   -99.000;   -99.000   -99.000   -99.000;];
EW( 94, :, :) = [    98.685    99.706   -99.000;    99.706   190.317   -99.000;   -99.000   -99.000   -99.000;];
EW( 95, :, :) = [    96.944   100.761   -99.000;   100.761   191.800   -99.000;   -99.000   -99.000   -99.000;];
EW( 96, :, :) = [    95.245   101.930   -99.000;   101.930   193.352   -99.000;   -99.000   -99.000   -99.000;];
EW( 97, :, :) = [    93.588   103.203   -99.000;   103.203   194.999   -99.000;   -99.000   -99.000   -99.000;];
EW( 98, :, :) = [    91.971   104.574   -99.000;   104.574   196.749   -99.000;   -99.000   -99.000   -99.000;];
EW( 99, :, :) = [    90.394   106.037   -99.000;   106.037   198.606   -99.000;   -99.000   -99.000   -99.000;];
EW(100, :, :) = [    89.951   135.771   -99.000;   135.771   254.068   -99.000;   -99.000   -99.000   -99.000;];
EW(101, :, :) = [    89.419   136.353   -99.000;   136.353   254.079   -99.000;   -99.000   -99.000   -99.000;];
EW(102, :, :) = [    89.086   136.949   -99.000;   136.949   254.079   -99.000;   -99.000   -99.000   -99.000;];
EW(103, :, :) = [    88.840   137.532   -99.000;   137.532   254.019   -99.000;   -99.000   -99.000   -99.000;];
EW(104, :, :) = [    88.704   138.183   -99.000;   138.183   254.050   -99.000;   -99.000   -99.000   -99.000;];
EW(105, :, :) = [    88.674   138.922   -99.000;   138.922   254.207   -99.000;   -99.000   -99.000   -99.000;];
EW(106, :, :) = [    88.654   139.662   -99.000;   139.662   254.324   -99.000;   -99.000   -99.000   -99.000;];
EW(107, :, :) = [    88.626   140.395   -99.000;   140.395   254.387   -99.000;   -99.000   -99.000   -99.000;];
EW(108, :, :) = [    88.613   141.152   -99.000;   141.152   254.451   -99.000;   -99.000   -99.000   -99.000;];
EW(109, :, :) = [    88.618   141.942   -99.000;   141.942   254.532   -99.000;   -99.000   -99.000   -99.000;];
EW(110, :, :) = [    88.639   142.764   -99.000;   142.764   254.627   -99.000;   -99.000   -99.000   -99.000;];
EW(111, :, :) = [    88.686   143.635   -99.000;   143.635   254.765   -99.000;   -99.000   -99.000   -99.000;];
EW(112, :, :) = [    88.728   144.521   -99.000;   144.521   254.882   -99.000;   -99.000   -99.000   -99.000;];
EW(113, :, :) = [    87.479   144.123   -99.000;   144.123   252.528   -99.000;   -99.000   -99.000   -99.000;];
EW(114, :, :) = [    81.590   139.014   -99.000;   139.014   241.239   -99.000;   -99.000   -99.000   -99.000;];
EW(115, :, :) = [    81.582   139.949   -99.000;   139.949   241.286   -99.000;   -99.000   -99.000   -99.000;];
EW(116, :, :) = [    83.405   142.772   -99.000;   142.772   244.838   -99.000;   -99.000   -99.000   -99.000;];
EW(117, :, :) = [    85.359   145.735   -99.000;   145.735   248.595   -99.000;   -99.000   -99.000   -99.000;];
EW(118, :, :) = [    87.413   148.818   -99.000;   148.818   252.516   -99.000;   -99.000   -99.000   -99.000;];
EW(119, :, :) = [    89.562   152.021   -99.000;   152.021   256.600   -99.000;   -99.000   -99.000   -99.000;];
EW(120, :, :) = [    91.799   155.339   -99.000;   155.339   260.836   -99.000;   -99.000   -99.000   -99.000;];
EW(121, :, :) = [    92.131   157.132    98.975;   157.132   261.469   200.866;    98.975   200.866   149.689;];
EW(122, :, :) = [    99.307   194.075   119.615;   194.075   274.918   252.354;   119.615   252.354   169.101;];
EW(123, :, :) = [   101.426   194.588   119.790;   194.588   278.989   252.161;   119.790   252.161   169.009;];
EW(124, :, :) = [   103.757   195.273   120.083;   195.273   283.389   252.177;   120.083   252.177   168.948;];
EW(125, :, :) = [   106.272   195.814   120.286;   195.814   288.128   251.966;   120.286   251.966   169.667;];
EW(126, :, :) = [   108.475   196.322   120.472;   196.322   292.275   251.679;   120.472   251.679   170.855;];
EW(127, :, :) = [   110.298   189.177   116.560;   189.177   295.707   240.862;   116.560   240.862   172.683;];
EW(128, :, :) = [   109.979   183.429   115.456;   183.429   295.107   226.504;   115.456   226.504   171.733;];
EW(129, :, :) = [   112.864   187.716   118.120;   187.716   300.538   230.891;   118.120   230.891   175.298;];
EW(130, :, :) = [   115.845   192.140   120.872;   192.140   306.149   235.458;   120.872   235.458   178.979;];
EW(131, :, :) = [   118.936   196.714   123.726;   196.714   311.966   240.220;   123.726   240.220   182.800;];
EW(132, :, :) = [   122.133   201.434   126.679;   201.434   317.982   245.165;   126.679   245.165   186.751;];
EW(133, :, :) = [   125.434   206.297   129.727;   206.297   324.194   250.286;   129.727   250.286   190.832;];
EW(134, :, :) = [   128.836   211.300   132.868;   211.300   330.595   255.575;   132.868   255.575   195.038;];
EW(135, :, :) = [   132.334   216.435   136.097;   216.435   337.177   261.021;   136.097   261.021   199.362;];
EW(136, :, :) = [   135.923   221.699   139.410;   221.699   343.931   266.618;   139.410   266.618   203.798;];
EW(137, :, :) = [   139.661   227.143   142.865;   227.143   350.963   272.442;   142.865   272.442   208.426;];
EW(138, :, :) = [   143.416   232.638   146.329;   232.638   358.030   278.306;   146.329   278.306   213.064;];
EW(139, :, :) = [   212.826   303.815   213.912;   303.815   488.638   371.446;   213.912   371.446   305.696;];
EW(140, :, :) = [   212.810   305.593   213.984;   305.593   488.607   372.749;   213.984   372.749   305.676;];
EW(141, :, :) = [   212.790   307.390   214.055;   307.390   488.569   374.072;   214.055   374.072   305.651;];
EW(142, :, :) = [   212.765   309.199   214.124;   309.199   488.522   375.415;   214.124   375.415   305.620;];
EW(143, :, :) = [   212.734   311.017   214.190;   311.017   488.464   376.779;   214.190   376.779   305.582;];
EW(144, :, :) = [   215.384   315.524   216.672;   315.524   493.451   381.407;   216.672   381.407   308.854;];
EW(145, :, :) = [   217.094   319.092   218.309;   319.092   496.668   384.900;   218.309   384.900   310.965;];
EW(146, :, :) = [   191.786   295.639   193.540;   295.639   449.046   351.295;   193.540   351.295   276.848;];
EW(147, :, :) = [   174.407   280.105   176.492;   280.105   416.345   330.516;   176.492   330.516   253.316;];
EW(148, :, :) = [   168.198   275.723   171.022;   275.723   404.663   324.394;   171.022   324.397   245.617;];
EW(149, :, :) = [   171.837   281.158   174.425;   281.158   411.509   330.177;   174.425   330.180   250.121;];
EW(150, :, :) = [   172.118   283.203   174.900;   283.203   412.039   331.885;   174.900   331.885   250.514;];
EW(151, :, :) = [   175.396   288.196   178.016;   288.196   418.206   337.176;   178.016   337.176   254.586;];
EW(152, :, :) = [   178.732   293.194   181.177;   293.194   424.483   342.498;   181.177   342.498   258.717;];
EW(153, :, :) = [   182.022   298.081   184.294;   298.081   430.673   347.720;   184.294   347.720   262.781;];
EW(154, :, :) = [   185.201   302.782   187.307;   302.782   436.655   352.756;   187.307   352.756   266.699;];
EW(155, :, :) = [   188.298   307.317   190.241;   307.317   442.484   357.636;   190.241   357.636   270.507;];
EW(156, :, :) = [   191.296   311.658   193.078;   311.658   448.125   362.333;   193.078   362.333   274.187;];
EW(157, :, :) = [   194.126   315.727   195.757;   315.727   453.450   366.756;   195.757   366.756   277.654;];
EW(158, :, :) = [   196.769   319.494   198.263;   319.494   458.424   370.865;   198.263   370.865   280.887;];
EW(159, :, :) = [   199.239   322.964   200.603;   322.964   463.071   373.251;   200.603   373.251   283.905;];
EW(160, :, :) = [   201.479   326.073   202.741;   326.073   467.286   372.950;   202.741   372.950   286.653;];
EW(161, :, :) = [   203.056   328.382   204.383;   328.382   470.254   373.173;   204.383   373.173   288.729;];
EW(162, :, :) = [   204.555   330.468   205.853;   330.468   473.074   375.445;   205.853   375.445   290.548;];
EW(163, :, :) = [   205.995   332.345   207.252;   332.345   475.783   377.646;   207.252   377.646   292.288;];
EW(164, :, :) = [   207.129   333.763   208.376;   333.763   477.918   379.383;   208.376   379.383   293.646;];
EW(165, :, :) = [   207.947   334.708   209.217;   334.708   479.456   380.636;   209.217   380.636   294.609;];
EW(166, :, :) = [   208.442   335.173   209.774;   335.173   480.388   381.388;   209.774   381.388   295.174;];
EW(167, :, :) = [   208.618   335.160   210.052;   335.160   480.718   381.626;   210.052   381.626   295.347;];
EW(168, :, :) = [   208.483   334.682   210.063;   334.682   480.464   381.341;   210.063   381.341   295.143;];
EW(169, :, :) = [   208.051   333.755   209.824;   333.755   479.652   380.529;   209.824   380.529   294.583;];
EW(170, :, :) = [   207.331   332.391   209.346;   332.391   478.297   379.190;   209.346   379.190   293.682;];
EW(171, :, :) = [   206.312   330.586   208.618;   330.586   476.379   377.330;   208.618   377.330   292.425;];
EW(172, :, :) = [   204.957   328.309   207.603;   328.309   473.831   374.953;   207.603   374.953   290.759;];
EW(173, :, :) = [   203.357   325.683   206.460;   325.683   470.819   380.635;   206.460   380.635   288.909;];
EW(174, :, :) = [   201.609   322.743   204.929;   322.743   467.531   373.298;   204.929   373.298   286.511;];
EW(175, :, :) = [   209.978   329.830   212.871;   329.830   483.279   380.483;   212.871   381.189   297.106;];
EW(176, :, :) = [   208.652   327.123   211.912;   327.123   480.783   378.247;   211.912   378.592   295.472;];
EW(177, :, :) = [   207.281   324.280   210.920;   324.280   478.204   375.868;   210.920   375.868   293.784;];
EW(178, :, :) = [   206.041   321.486   210.068;   321.486   475.869   373.268;   210.068   373.268   292.279;];
EW(179, :, :) = [   205.234   319.056   209.591;   319.056   474.351   372.966;   209.591   373.441   291.279;];
EW(180, :, :) = [   203.167   315.315   208.056;   315.318   470.463   373.042;   208.056   372.670   288.818;];
EW(181, :, :) = [   201.001   311.418   206.308;   311.418   466.387   369.186;   206.308   369.186   286.057;];
EW(182, :, :) = [   177.767   287.869   185.639;   287.869   422.668   343.705;   185.639   343.705   257.326;];
EW(183, :, :) = [   174.080   283.178   182.506;   283.178   415.730   338.888;   182.506   338.888   252.637;];
EW(184, :, :) = [   170.183   278.639   179.296;   278.639   408.398   334.203;   179.296   334.203   247.809;];
EW(185, :, :) = [   166.207   274.303   176.095;   274.303   400.915   329.746;   176.095   329.746   242.877;];
EW(186, :, :) = [   162.150   270.144   173.132;   270.144   393.282   325.519;   173.132   325.519   237.799;];
EW(187, :, :) = [   158.084   266.060   170.882;   266.060   385.631   321.397;   170.882   321.397   232.884;];
EW(188, :, :) = [   154.079   262.098   169.170;   262.098   378.094   317.442;   169.170   317.442   228.349;];
EW(189, :, :) = [   151.425   258.610   167.955;   258.610   373.101   314.136;   167.955   314.136   225.454;];
EW(190, :, :) = [   158.066   256.360   185.635;   256.360   373.761   312.518;   185.635   312.518   253.997;];
EW(191, :, :) = [   158.074   253.491   185.976;   253.491   374.329   310.042;   185.976   310.042   254.008;];
EW(192, :, :) = [   158.081   250.476   186.325;   250.476   373.218   307.349;   186.325   307.349   254.019;];
EW(193, :, :) = [   158.091   247.493   186.680;   247.493   372.594   304.680;   186.680   304.680   254.032;];
EW(194, :, :) = [   158.102   244.580   187.044;   244.580   372.820   302.086;   187.044   302.086   254.048;];
EW(195, :, :) = [   158.116   241.655   187.415;   241.655   372.867   299.448;   187.415   299.448   254.066;];
EW(196, :, :) = [   158.133   238.456   187.795;   238.456   372.650   296.390;   187.795   296.390   254.090;];
EW(197, :, :) = [   158.155   235.333   188.184;   235.333   369.461   293.439;   188.184   293.439   254.121;];
EW(198, :, :) = [   158.184   232.568   188.585;   232.568   362.739   290.966;   188.585   290.966   254.162;];
EW(199, :, :) = [   158.224   230.068   188.999;   230.068   355.870   288.807;   188.999   288.807   254.216;];
EW(200, :, :) = [   158.277   227.706   189.429;   227.706   349.068   286.804;   189.429   286.804   254.289;];
EW(201, :, :) = [   158.347   225.442   189.879;   225.442   342.423   284.906;   189.879   284.906   254.386;];
EW(202, :, :) = [   158.442   223.276   190.354;   223.276   335.947   283.110;   190.354   283.110   254.516;];
EW(203, :, :) = [   158.568   221.206   190.861;   221.206   329.640   281.414;   190.861   281.414   254.688;];
EW(204, :, :) = [   158.733   219.231   191.407;   219.231   323.505   279.817;   191.407   279.817   254.916;];
EW(205, :, :) = [   158.950   217.350   192.001;   217.350   317.542   278.317;   192.001   278.317   255.212;];
EW(206, :, :) = [   159.227   215.560   192.654;   215.560   311.752   276.910;   192.654   276.910   255.593;];
EW(207, :, :) = [   159.575   213.856   193.373;   213.856   306.134   275.591;   193.373   275.591   256.071;];
EW(208, :, :) = [   159.996   212.235   194.160;   212.235   300.690   274.355;   194.160   274.355   256.648;];
EW(209, :, :) = [   160.470   210.691   194.993;   210.691   295.424   273.195;   194.993   273.195   257.298;];
EW(210, :, :) = [   160.947   209.219   195.820;   209.219   290.343   272.105;   195.820   272.105   257.951;];
EW(211, :, :) = [   161.394   207.815   196.608;   207.815   285.467   271.077;   196.608   271.077   258.565;];
EW(212, :, :) = [   161.935   206.472   197.479;   206.472   280.821   270.106;   197.479   270.106   259.307;];
EW(213, :, :) = [   162.715   205.184   198.576;   205.184   276.443   269.184;   198.576   269.184   260.377;];
EW(214, :, :) = [   163.783   203.947   199.948;   203.947   272.376   268.304;   199.948   268.304   261.843;];
EW(215, :, :) = [   165.088   202.756   201.540;   202.756   268.670   267.461;   201.540   267.461   263.633;];
EW(216, :, :) = [   166.481   201.605   203.202;   201.605   265.372   266.647;   203.202   266.647   265.543;];
EW(217, :, :) = [   167.860   200.490   204.832;   200.490   262.516   265.859;   204.832   265.859   267.434;];
EW(218, :, :) = [   169.171   199.407   206.374;   199.407   260.117   265.091;   206.374   265.091   269.233;];
EW(219, :, :) = [   170.389   198.353   207.801;   198.353   258.159   264.340;   207.801   264.340   270.903;];
EW(220, :, :) = [   171.497   197.325   209.096;   197.325   246.916   263.601;   209.096   263.601   272.424;];
EW(221, :, :) = [   172.486   196.321   210.248;   196.321   243.313   262.874;   210.248   262.874   273.781;];
EW(222, :, :) = [   173.349   195.339   211.248;   195.339   239.827   262.156;   211.248   262.156   274.965;];
EW(223, :, :) = [   174.079   194.379   212.089;   194.379   236.460   261.448;   212.089   261.448   275.966;];
EW(224, :, :) = [   174.672   193.441   212.766;   193.441   233.206   260.750;   212.766   260.750   276.779;];
EW(225, :, :) = [   175.123   192.524   213.274;   192.524   230.059   260.064;   213.274   260.064   277.397;];
EW(226, :, :) = [   175.430   191.632   213.611;   191.632   227.013   259.391;   213.611   259.391   277.818;];
EW(227, :, :) = [   175.591   190.764   213.774;   190.764   224.063   258.736;   213.774   258.736   278.039;];
EW(228, :, :) = [   175.606   189.921   213.763;   189.921   221.207   258.097;   213.763   258.097   278.060;];
EW(229, :, :) = [   175.476   189.091   213.580;   189.091   218.446   257.459;   213.580   257.459   277.882;];
EW(230, :, :) = [   175.204   188.112   213.227;   188.112   215.966   256.602;   213.227   256.602   277.509;];
EW(231, :, :) = [   174.793   187.311   212.709;   187.311   213.336   255.973;   212.709   255.973   276.946;];
EW(232, :, :) = [   174.251   186.605   212.033;   186.605   210.822   255.460;   212.033   255.460   276.201;];
EW(233, :, :) = [   173.583   185.767   211.206;   185.767   208.887   254.752;   211.206   254.752   275.285;];
EW(234, :, :) = [   172.799   185.051   210.239;   185.051   206.467   254.198;   210.239   254.198   274.210;];
EW(235, :, :) = [   171.912   184.438   209.146;   184.438   204.162   253.771;   209.146   253.771   272.992;];
EW(236, :, :) = [   170.933   171.572   207.939;   171.572   201.227   236.524;   207.939   236.524   271.650;];
EW(237, :, :) = [   169.879   169.895   206.637;   169.895   199.073   234.613;   206.637   234.613   270.204;];
EW(238, :, :) = [   168.767   168.198   205.258;   168.198   196.986   232.662;   205.258   232.662   268.679;];
EW(239, :, :) = [   167.618   166.482   203.823;   166.482   194.963   230.674;   203.823   230.674   267.102;];
EW(240, :, :) = [   166.452   164.748   202.357;   164.748   193.003   228.651;   202.357   228.651   265.503;];
EW(241, :, :) = [   165.293   163.001   200.882;   163.001   191.105   226.598;   200.882   226.598   263.912;];
EW(242, :, :) = [   164.162   161.242   199.423;   161.242   189.264   224.520;   199.423   224.520   262.360;];
EW(243, :, :) = [   163.069   159.478   197.990;   159.478   187.477   222.424;   197.990   222.424   260.861;];
EW(244, :, :) = [   162.029   157.714   196.600;   157.714   185.744   220.319;   196.600   220.319   259.434;];
EW(245, :, :) = [   160.548   156.147   194.761;   156.147   184.062   218.476;   194.761   218.476   257.401;];
EW(246, :, :) = [   159.574   154.337   193.422;   154.337   182.431   216.289;   193.422   216.289   256.065;];
EW(247, :, :) = [   158.712   152.553   192.189;   152.553   181.068   214.130;   192.189   214.130   254.881;];
EW(248, :, :) = [   158.032   150.806   191.132;   150.806   179.494   212.013;   191.132   212.013   253.946;];
EW(249, :, :) = [   156.865   149.561   189.585;   149.561   177.970   210.577;   189.585   210.577   252.342;];
EW(250, :, :) = [   156.206   147.757   188.544;   147.757   176.503   208.367;   188.544   208.367   251.435;];
EW(251, :, :) = [   144.525   145.217   176.450;   145.217   174.918   205.137;   176.450   205.137   235.361;];
EW(252, :, :) = [   143.063   143.512   174.554;   143.512   173.549   203.047;   174.554   203.047   233.280;];
EW(253, :, :) = [   142.705   141.828   172.633;   141.828   172.220   200.978;   172.633   200.978   231.165;];
EW(254, :, :) = [   144.948   140.168   170.241;   140.168   170.929   198.935;   170.241   198.935   228.397;];
EW(255, :, :) = [   147.589   138.534   167.852;   138.534   169.675   196.920;   167.852   196.920   225.631;];
EW(256, :, :) = [   150.268   136.928   165.488;   136.928   168.458   194.937;   165.488   194.937   222.893;];
EW(257, :, :) = [   152.980   135.353   163.154;   135.353   167.275   192.989;   163.154   192.989   220.189;];
EW(258, :, :) = [   155.723   133.812   160.858;   133.812   166.125   191.081;   160.858   191.081   217.529;];
EW(259, :, :) = [   158.495   132.309   158.605;   132.309   165.006   189.216;   158.605   189.216   214.920;];
EW(260, :, :) = [   161.294   130.846   156.406;   130.846   163.917   187.400;   156.406   187.400   212.373;];
EW(261, :, :) = [   164.117   129.430   154.268;   129.430   162.855   185.639;   154.268   185.639   209.899;];
EW(262, :, :) = [   166.963   128.067   152.203;   128.067   161.820   183.942;   152.203   183.942   207.512;];
EW(263, :, :) = [   169.827   126.765   150.228;   126.765   160.808   182.316;   150.228   182.316   205.231;];
EW(264, :, :) = [   172.708   125.533   148.372;   125.533   159.819   180.775;   148.372   180.775   203.096;];
EW(265, :, :) = [   175.602   124.383   146.742;   124.383   158.850   179.331;   146.742   179.331   201.253;];
EW(266, :, :) = [   178.507   123.332   145.475;   123.332   157.900   178.001;   145.475   178.001   199.890;];
EW(267, :, :) = [   181.419   122.396   144.716;   122.396   156.969   176.801;   144.716   176.801   199.198;];
EW(268, :, :) = [   184.335   121.632   144.598;   121.632   155.754   175.794;   144.598   175.794   199.037;];
EW(269, :, :) = [   187.252   121.091   145.844;   121.091   154.880   175.008;   145.844   175.008   197.520;];
EW(270, :, :) = [   190.167   120.920   148.332;   120.920   154.027   174.389;   148.332   174.389   195.357;];
EW(271, :, :) = [   193.078   121.845   150.890;   121.845   153.196   173.257;   150.890   173.257   193.243;];
EW(272, :, :) = [   195.980   123.954   153.462;   123.954   152.385   171.831;   153.462   171.831   191.182;];
EW(273, :, :) = [   198.873   126.239   156.041;   126.239   151.593   170.434;   156.041   170.434   189.170;];
EW(274, :, :) = [   201.755   128.566   158.624;   128.566   150.820   169.069;   158.624   169.069   187.212;];
EW(275, :, :) = [   204.627   130.917   161.209;   130.917   150.066   167.737;   161.209   167.737   185.307;];
EW(276, :, :) = [   207.488   133.286   163.797;   133.286   149.330   166.440;   163.797   166.440   183.505;];
EW(277, :, :) = [   210.343   135.669   166.386;   135.669   148.611   165.173;   166.386   165.173   181.695;];
EW(278, :, :) = [   213.198   138.065   168.982;   138.065   147.908   163.939;   168.982   163.939   180.096;];
EW(279, :, :) = [   216.059   140.475   171.588;   140.475   147.223   162.739;   171.588   162.739   178.379;];
EW(280, :, :) = [   218.936   142.900   174.210;   142.900   146.554   161.517;   174.210   161.509   176.769;];
EW(281, :, :) = [   221.838   145.340   176.854;   145.340   145.899   160.359;   176.854   160.359   175.256;];
EW(282, :, :) = [   224.767   147.785   179.519;   147.785   145.253   159.245;   179.519   159.245   173.910;];
EW(283, :, :) = [   227.711   150.153   182.197;   150.153    94.649  -609.799;   182.197  -609.799   172.696;];
EW(284, :, :) = [   230.632   -99.000   184.859;   -99.000   -99.000   -99.000;   184.859   -99.000   171.856;];
EW(285, :, :) = [   233.442   -99.000   187.438;   -99.000   -99.000   -99.000;   187.438   -99.000   170.959;];
EW(286, :, :) = [   235.931   -99.000   189.770;   -99.000   -99.000   -99.000;   189.770   -99.000   177.121;];
EW(287, :, :) = [   237.496   -99.000   -99.000;   -99.000   -99.000   -99.000;   -99.000   -99.000   -99.000;];
EW(288, :, :) = [   235.367   -99.000   -99.000;   -99.000   -99.000   -99.000;   -99.000   -99.000   -99.000;];
