EW = zeros(288, 3, 3);
EW(  0, :, :) = [   265.256   -99.000   -99.000;   -99.000   -99.000   -99.000;   -99.000   -99.000   -99.000;];
EW(  1, :, :) = [   268.084   -99.000   -99.000;   -99.000   -99.000   -99.000;   -99.000   -99.000   -99.000;];
EW(  2, :, :) = [   270.789   -99.000   -99.000;   -99.000   -99.000   -99.000;   -99.000   -99.000   -99.000;];
EW(  3, :, :) = [   273.366   -99.000   -99.000;   -99.000   -99.000   -99.000;   -99.000   -99.000   -99.000;];
EW(  4, :, :) = [   275.810   -99.000   -99.000;   -99.000   -99.000   -99.000;   -99.000   -99.000   -99.000;];
EW(  5, :, :) = [   278.118   -99.000   -99.000;   -99.000   -99.000   -99.000;   -99.000   -99.000   -99.000;];
EW(  6, :, :) = [   280.290   -99.000   -99.000;   -99.000   -99.000   -99.000;   -99.000   -99.000   -99.000;];
EW(  7, :, :) = [   282.328   -99.000   -99.000;   -99.000   -99.000   -99.000;   -99.000   -99.000   -99.000;];
EW(  8, :, :) = [   284.236   -99.000   -99.000;   -99.000   -99.000   -99.000;   -99.000   -99.000   -99.000;];
EW(  9, :, :) = [   286.024   -99.000   -99.000;   -99.000   -99.000   -99.000;   -99.000   -99.000   -99.000;];
EW( 10, :, :) = [   287.704   -99.000   -99.000;   -99.000   -99.000   -99.000;   -99.000   -99.000   -99.000;];
EW( 11, :, :) = [   289.291   -99.000   -99.000;   -99.000   -99.000   -99.000;   -99.000   -99.000   -99.000;];
EW( 12, :, :) = [   290.798   -99.000   -99.000;   -99.000   -99.000   -99.000;   -99.000   -99.000   -99.000;];
EW( 13, :, :) = [   292.234   -99.000   -99.000;   -99.000   -99.000   -99.000;   -99.000   -99.000   -99.000;];
EW( 14, :, :) = [   293.595   -99.000   -99.000;   -99.000   -99.000   -99.000;   -99.000   -99.000   -99.000;];
EW( 15, :, :) = [   294.869   -99.000   -99.000;   -99.000   -99.000   -99.000;   -99.000   -99.000   -99.000;];
EW( 16, :, :) = [   296.027   -99.000   -99.000;   -99.000   -99.000   -99.000;   -99.000   -99.000   -99.000;];
EW( 17, :, :) = [   297.043   -99.000   -99.000;   -99.000   -99.000   -99.000;   -99.000   -99.000   -99.000;];
EW( 18, :, :) = [   297.062   -99.000   -99.000;   -99.000   -99.000   -99.000;   -99.000   -99.000   -99.000;];
EW( 19, :, :) = [   296.180   -99.000   -99.000;   -99.000   -99.000   -99.000;   -99.000   -99.000   -99.000;];
EW( 20, :, :) = [   295.090   -99.000   -99.000;   -99.000   -99.000   -99.000;   -99.000   -99.000   -99.000;];
EW( 21, :, :) = [   293.795   -99.000   -99.000;   -99.000   -99.000   -99.000;   -99.000   -99.000   -99.000;];
EW( 22, :, :) = [   292.299   -99.000   -99.000;   -99.000   -99.000   -99.000;   -99.000   -99.000   -99.000;];
EW( 23, :, :) = [   290.610   -99.000   -99.000;   -99.000   -99.000   -99.000;   -99.000   -99.000   -99.000;];
EW( 24, :, :) = [   288.733   -99.000   -99.000;   -99.000   -99.000   -99.000;   -99.000   -99.000   -99.000;];
EW( 25, :, :) = [   286.675   -99.000   -99.000;   -99.000   -99.000   -99.000;   -99.000   -99.000   -99.000;];
EW( 26, :, :) = [   284.445   -99.000   -99.000;   -99.000   -99.000   -99.000;   -99.000   -99.000   -99.000;];
EW( 27, :, :) = [   282.050   -99.000   -99.000;   -99.000   -99.000   -99.000;   -99.000   -99.000   -99.000;];
EW( 28, :, :) = [   279.501   -99.000   -99.000;   -99.000   -99.000   -99.000;   -99.000   -99.000   -99.000;];
EW( 29, :, :) = [   276.806   -99.000   -99.000;   -99.000   -99.000   -99.000;   -99.000   -99.000   -99.000;];
EW( 30, :, :) = [   273.975   -99.000   -99.000;   -99.000   -99.000   -99.000;   -99.000   -99.000   -99.000;];
EW( 31, :, :) = [   271.019   -99.000   -99.000;   -99.000   -99.000   -99.000;   -99.000   -99.000   -99.000;];
EW( 32, :, :) = [   267.947   -99.000   -99.000;   -99.000   -99.000   -99.000;   -99.000   -99.000   -99.000;];
EW( 33, :, :) = [   264.770   -99.000   -99.000;   -99.000   -99.000   -99.000;   -99.000   -99.000   -99.000;];
EW( 34, :, :) = [   261.498   -99.000   -99.000;   -99.000   -99.000   -99.000;   -99.000   -99.000   -99.000;];
EW( 35, :, :) = [   258.142   -99.000   -99.000;   -99.000   -99.000   -99.000;   -99.000   -99.000   -99.000;];
EW( 36, :, :) = [   254.712   173.771   -99.000;   173.771   227.729   -99.000;   -99.000   -99.000   -99.000;];
EW( 37, :, :) = [   251.219   171.165   -99.000;   171.165   226.694   -99.000;   -99.000   -99.000   -99.000;];
EW( 38, :, :) = [   247.672   168.507   -99.000;   168.507   226.234   -99.000;   -99.000   -99.000   -99.000;];
EW( 39, :, :) = [   244.081   165.808   -99.000;   165.808   226.091   -99.000;   -99.000   -99.000   -99.000;];
EW( 40, :, :) = [   240.456   163.074   -99.000;   163.074   226.169   -99.000;   -99.000   -99.000   -99.000;];
EW( 41, :, :) = [   236.806   160.316   -99.000;   160.316   226.417   -99.000;   -99.000   -99.000   -99.000;];
EW( 42, :, :) = [   233.139   157.543   -99.000;   157.543   226.808   -99.000;   -99.000   -99.000   -99.000;];
EW( 43, :, :) = [   229.465   154.765   -99.000;   154.765   227.318   -99.000;   -99.000   -99.000   -99.000;];
EW( 44, :, :) = [   225.791   151.993   -99.000;   151.993   227.936   -99.000;   -99.000   -99.000   -99.000;];
EW( 45, :, :) = [   222.124   149.238   -99.000;   149.238   228.659   -99.000;   -99.000   -99.000   -99.000;];
EW( 46, :, :) = [   218.473   146.514   -99.000;   146.514   229.475   -99.000;   -99.000   -99.000   -99.000;];
EW( 47, :, :) = [   214.845   143.840   -99.000;   143.840   230.377   -99.000;   -99.000   -99.000   -99.000;];
EW( 48, :, :) = [   211.245   143.405   -99.000;   143.405   231.363   -99.000;   -99.000   -99.000   -99.000;];
EW( 49, :, :) = [   207.681   144.472   -99.000;   144.472   232.430   -99.000;   -99.000   -99.000   -99.000;];
EW( 50, :, :) = [   204.159   145.618   -99.000;   145.618   233.576   -99.000;   -99.000   -99.000   -99.000;];
EW( 51, :, :) = [   200.683   146.836   -99.000;   146.836   234.794   -99.000;   -99.000   -99.000   -99.000;];
EW( 52, :, :) = [   197.260   148.119   -99.000;   148.119   236.077   -99.000;   -99.000   -99.000   -99.000;];
EW( 53, :, :) = [   193.895   149.469   -99.000;   149.469   237.427   -99.000;   -99.000   -99.000   -99.000;];
EW( 54, :, :) = [   190.592   150.888   -99.000;   150.888   238.846   -99.000;   -99.000   -99.000   -99.000;];
EW( 55, :, :) = [   187.358   152.367   -99.000;   152.367   240.326   -99.000;   -99.000   -99.000   -99.000;];
EW( 56, :, :) = [   184.196   153.905   -99.000;   153.905   241.864   -99.000;   -99.000   -99.000   -99.000;];
EW( 57, :, :) = [   181.111   155.503   -99.000;   155.503   243.461   -99.000;   -99.000   -99.000   -99.000;];
EW( 58, :, :) = [   178.108   157.164   -99.000;   157.164   245.122   -99.000;   -99.000   -99.000   -99.000;];
EW( 59, :, :) = [   175.192   158.888   -99.000;   158.888   246.847   -99.000;   -99.000   -99.000   -99.000;];
EW( 60, :, :) = [   172.367   160.689   -99.000;   160.689   248.648   -99.000;   -99.000   -99.000   -99.000;];
EW( 61, :, :) = [   169.640   162.569   -99.000;   162.569   250.528   -99.000;   -99.000   -99.000   -99.000;];
EW( 62, :, :) = [   167.014   164.539   -99.000;   164.539   252.498   -99.000;   -99.000   -99.000   -99.000;];
EW( 63, :, :) = [   164.496   166.600   -99.000;   166.600   254.559   -99.000;   -99.000   -99.000   -99.000;];
EW( 64, :, :) = [   162.092   168.752   -99.000;   168.752   256.711   -99.000;   -99.000   -99.000   -99.000;];
EW( 65, :, :) = [   159.809   170.978   -99.000;   170.978   258.937   -99.000;   -99.000   -99.000   -99.000;];
EW( 66, :, :) = [   157.654   173.252   -99.000;   173.252   261.211   -99.000;   -99.000   -99.000   -99.000;];
EW( 67, :, :) = [   155.636   175.517   -99.000;   175.517   263.476   -99.000;   -99.000   -99.000   -99.000;];
EW( 68, :, :) = [   153.763   177.678   -99.000;   177.678   265.637   -99.000;   -99.000   -99.000   -99.000;];
EW( 69, :, :) = [   152.046   179.559   -99.000;   179.559   267.518   -99.000;   -99.000   -99.000   -99.000;];
