EW = zeros(288, 3, 3);
EW(  1, :, :) = [  1553.53      nan      nan;      nan      nan      nan;      nan      nan      nan;];
EW(  2, :, :) = [  1550.95      nan      nan;      nan      nan      nan;      nan      nan      nan;];
EW(  3, :, :) = [  1547.35      nan      nan;      nan      nan      nan;      nan      nan      nan;];
EW(  4, :, :) = [  1542.72      nan      nan;      nan      nan      nan;      nan      nan      nan;];
EW(  5, :, :) = [  1537.08      nan      nan;      nan      nan      nan;      nan      nan      nan;];
EW(  6, :, :) = [  1530.45      nan      nan;      nan      nan      nan;      nan      nan      nan;];
EW(  7, :, :) = [  1522.83      nan      nan;      nan      nan      nan;      nan      nan      nan;];
EW(  8, :, :) = [  1514.26      nan      nan;      nan      nan      nan;      nan      nan      nan;];
EW(  9, :, :) = [  1504.74      nan      nan;      nan      nan      nan;      nan      nan      nan;];
EW( 10, :, :) = [  1494.31      nan      nan;      nan      nan      nan;      nan      nan      nan;];
EW( 11, :, :) = [  1482.99      nan      nan;      nan      nan      nan;      nan      nan      nan;];
EW( 12, :, :) = [  1470.81      nan      nan;      nan      nan      nan;      nan      nan      nan;];
EW( 13, :, :) = [  1457.80      nan      nan;      nan      nan      nan;      nan      nan      nan;];
EW( 14, :, :) = [  1443.99      nan      nan;      nan      nan      nan;      nan      nan      nan;];
EW( 15, :, :) = [  1429.42      nan      nan;      nan      nan      nan;      nan      nan      nan;];
EW( 16, :, :) = [  1414.13      nan      nan;      nan      nan      nan;      nan      nan      nan;];
EW( 17, :, :) = [  1398.15      nan      nan;      nan      nan      nan;      nan      nan      nan;];
EW( 18, :, :) = [  1381.52      nan      nan;      nan      nan      nan;      nan      nan      nan;];
EW( 19, :, :) = [  1364.28      nan      nan;      nan      nan      nan;      nan      nan      nan;];
EW( 20, :, :) = [  1346.47      nan      nan;      nan      nan      nan;      nan      nan      nan;];
EW( 21, :, :) = [  1328.14      nan      nan;      nan      nan      nan;      nan      nan      nan;];
EW( 22, :, :) = [  1309.31      nan      nan;      nan      nan      nan;      nan      nan      nan;];
EW( 23, :, :) = [  1290.04      nan      nan;      nan      nan      nan;      nan      nan      nan;];
EW( 24, :, :) = [  1270.37      nan      nan;      nan      nan      nan;      nan      nan      nan;];
EW( 25, :, :) = [  1250.33      nan      nan;      nan      nan      nan;      nan      nan      nan;];
EW( 26, :, :) = [  1229.97      nan      nan;      nan      nan      nan;      nan      nan      nan;];
EW( 27, :, :) = [  1209.33      nan      nan;      nan      nan      nan;      nan      nan      nan;];
EW( 28, :, :) = [  1188.45      nan      nan;      nan      nan      nan;      nan      nan      nan;];
EW( 29, :, :) = [  1167.37      nan      nan;      nan      nan      nan;      nan      nan      nan;];
EW( 30, :, :) = [  1146.13      nan      nan;      nan      nan      nan;      nan      nan      nan;];
EW( 31, :, :) = [  1124.76      nan      nan;      nan      nan      nan;      nan      nan      nan;];
EW( 32, :, :) = [  1103.31      nan      nan;      nan      nan      nan;      nan      nan      nan;];
EW( 33, :, :) = [  1081.80      nan      nan;      nan      nan      nan;      nan      nan      nan;];
EW( 34, :, :) = [  1060.28      nan      nan;      nan      nan      nan;      nan      nan      nan;];
EW( 35, :, :) = [  1038.77      nan      nan;      nan      nan      nan;      nan      nan      nan;];
EW( 36, :, :) = [  1017.31      nan      nan;      nan      nan      nan;      nan      nan      nan;];
EW( 37, :, :) = [   995.92      nan      nan;      nan      nan      nan;      nan      nan      nan;];
EW( 38, :, :) = [   974.65      nan      nan;      nan      nan      nan;      nan      nan      nan;];
EW( 39, :, :) = [   953.50      nan      nan;      nan      nan      nan;      nan      nan      nan;];
EW( 40, :, :) = [   932.51      nan      nan;      nan      nan      nan;      nan      nan      nan;];
EW( 41, :, :) = [   911.71      nan      nan;      nan      nan      nan;      nan      nan      nan;];
EW( 42, :, :) = [   891.11      nan      nan;      nan      nan      nan;      nan      nan      nan;];
EW( 43, :, :) = [   870.74      nan      nan;      nan      nan      nan;      nan      nan      nan;];
EW( 44, :, :) = [   850.62      nan      nan;      nan      nan      nan;      nan      nan      nan;];
EW( 45, :, :) = [   830.75      nan      nan;      nan      nan      nan;      nan      nan      nan;];
EW( 46, :, :) = [   811.17      nan      nan;      nan      nan      nan;      nan      nan      nan;];
EW( 47, :, :) = [   791.89      nan      nan;      nan      nan      nan;      nan      nan      nan;];
EW( 48, :, :) = [   772.91      nan      nan;      nan      nan      nan;      nan      nan      nan;];
EW( 49, :, :) = [   754.25      nan      nan;      nan      nan      nan;      nan      nan      nan;];
EW( 50, :, :) = [   735.92      nan      nan;      nan      nan      nan;      nan      nan      nan;];
EW( 51, :, :) = [   717.94      nan      nan;      nan      nan      nan;      nan      nan      nan;];
EW( 52, :, :) = [   700.30      nan      nan;      nan      nan      nan;      nan      nan      nan;];
EW( 53, :, :) = [   683.02      nan      nan;      nan      nan      nan;      nan      nan      nan;];
EW( 54, :, :) = [   666.10      nan      nan;      nan      nan      nan;      nan      nan      nan;];
EW( 55, :, :) = [   649.55      nan      nan;      nan      nan      nan;      nan      nan      nan;];
EW( 56, :, :) = [   633.36      nan      nan;      nan      nan      nan;      nan      nan      nan;];
EW( 57, :, :) = [   617.55      nan      nan;      nan      nan      nan;      nan      nan      nan;];
EW( 58, :, :) = [   602.11      nan      nan;      nan      nan      nan;      nan      nan      nan;];
EW( 59, :, :) = [   587.04      nan      nan;      nan      nan      nan;      nan      nan      nan;];
EW( 60, :, :) = [   572.35      nan      nan;      nan      nan      nan;      nan      nan      nan;];
EW( 61, :, :) = [   558.03      nan      nan;      nan      nan      nan;      nan      nan      nan;];
EW( 62, :, :) = [   544.08      nan      nan;      nan      nan      nan;      nan      nan      nan;];
EW( 63, :, :) = [   530.50      nan      nan;      nan      nan      nan;      nan      nan      nan;];
EW( 64, :, :) = [   517.29      nan      nan;      nan      nan      nan;      nan      nan      nan;];
EW( 65, :, :) = [   504.44      nan      nan;      nan      nan      nan;      nan      nan      nan;];
EW( 66, :, :) = [   491.94      nan      nan;      nan      nan      nan;      nan      nan      nan;];
EW( 67, :, :) = [   479.80      nan      nan;      nan      nan      nan;      nan      nan      nan;];
EW( 68, :, :) = [   468.01      nan      nan;      nan      nan      nan;      nan      nan      nan;];
EW( 69, :, :) = [   456.56      nan      nan;      nan      nan      nan;      nan      nan      nan;];
EW( 70, :, :) = [   445.45      nan      nan;      nan      nan      nan;      nan      nan      nan;];
EW( 71, :, :) = [   434.68      nan      nan;      nan      nan      nan;      nan      nan      nan;];
EW( 72, :, :) = [   424.22      nan      nan;      nan      nan      nan;      nan      nan      nan;];
EW( 73, :, :) = [   414.09   334.03      nan;   334.03   291.65      nan;      nan      nan      nan;];
EW( 74, :, :) = [   404.27   325.76      nan;   325.76   283.80      nan;      nan      nan      nan;];
EW( 75, :, :) = [   394.76   317.79      nan;   317.79   276.28      nan;      nan      nan      nan;];
EW( 76, :, :) = [   385.54   310.12      nan;   310.12   269.10      nan;      nan      nan      nan;];
EW( 77, :, :) = [   376.62   302.74      nan;   302.74   262.30      nan;      nan      nan      nan;];
EW( 78, :, :) = [   367.98   295.67      nan;   295.67   255.94      nan;      nan      nan      nan;];
EW( 79, :, :) = [   359.62   288.92      nan;   288.92   250.16      nan;      nan      nan      nan;];
EW( 80, :, :) = [   351.54   282.50      nan;   282.50   245.33      nan;      nan      nan      nan;];
EW( 81, :, :) = [   343.71   276.46      nan;   276.46   242.82      nan;      nan      nan      nan;];
EW( 82, :, :) = [   336.15   270.83      nan;   270.83   245.57      nan;      nan      nan      nan;];
EW( 83, :, :) = [   328.83   265.72      nan;   265.72   252.14      nan;      nan      nan      nan;];
EW( 84, :, :) = [   321.75   261.26      nan;   261.26   259.62      nan;      nan      nan      nan;];
EW( 85, :, :) = [   314.92   257.74      nan;   257.74   267.51      nan;      nan      nan      nan;];
EW( 86, :, :) = [   308.31   255.57      nan;   255.57   275.73      nan;      nan      nan      nan;];
EW( 87, :, :) = [   301.92   255.14      nan;   255.14   284.28      nan;      nan      nan      nan;];
EW( 88, :, :) = [   295.75   256.32      nan;   256.32   293.15      nan;      nan      nan      nan;];
EW( 89, :, :) = [   289.79   258.80      nan;   258.80   302.30      nan;      nan      nan      nan;];
EW( 90, :, :) = [   284.03   262.68      nan;   262.68   311.73      nan;      nan      nan      nan;];
EW( 91, :, :) = [   278.47   268.04      nan;   268.04   321.42      nan;      nan      nan      nan;];
EW( 92, :, :) = [   273.10   274.61      nan;   274.61   331.35      nan;      nan      nan      nan;];
EW( 93, :, :) = [   267.95   282.05      nan;   282.05   341.51      nan;      nan      nan      nan;];
EW( 94, :, :) = [   263.42   290.11      nan;   290.11   351.87      nan;      nan      nan      nan;];
EW( 95, :, :) = [   262.06   298.65      nan;   298.65   362.41      nan;      nan      nan      nan;];
EW( 96, :, :) = [   265.62   307.55      nan;   307.55   373.13      nan;      nan      nan      nan;];
EW( 97, :, :) = [   271.85   316.75      nan;   316.75   383.99      nan;      nan      nan      nan;];
EW( 98, :, :) = [   279.29   326.18      nan;   326.18   394.98      nan;      nan      nan      nan;];
EW( 99, :, :) = [   287.39   335.81      nan;   335.81   406.08      nan;      nan      nan      nan;];
EW(100, :, :) = [   295.88   345.60      nan;   345.60   417.27      nan;      nan      nan      nan;];
EW(101, :, :) = [   304.63   355.52      nan;   355.52   428.52      nan;      nan      nan      nan;];
EW(102, :, :) = [   313.55   365.54      nan;   365.54   439.81      nan;      nan      nan      nan;];
EW(103, :, :) = [   322.58   375.63      nan;   375.63   451.11      nan;      nan      nan      nan;];
EW(104, :, :) = [   331.69   385.77      nan;   385.77   462.42      nan;      nan      nan      nan;];
EW(105, :, :) = [   340.82   395.92      nan;   395.92   473.69      nan;      nan      nan      nan;];
EW(106, :, :) = [   349.95   406.07      nan;   406.07   484.91      nan;      nan      nan      nan;];
EW(107, :, :) = [   359.05   416.20      nan;   416.20   496.06      nan;      nan      nan      nan;];
EW(108, :, :) = [   368.10   426.28      nan;   426.28   507.10      nan;      nan      nan      nan;];
EW(109, :, :) = [   377.07   436.29      nan;   436.29   518.03      nan;      nan      nan      nan;];
EW(110, :, :) = [   385.94   446.20      nan;   446.20   528.82      nan;      nan      nan      nan;];
EW(111, :, :) = [   394.70   456.01      nan;   456.01   539.45      nan;      nan      nan      nan;];
EW(112, :, :) = [   403.32   465.69      nan;   465.69   549.91      nan;      nan      nan      nan;];
EW(113, :, :) = [   411.80   475.24      nan;   475.24   560.18      nan;      nan      nan      nan;];
EW(114, :, :) = [   420.13   484.63      nan;   484.63   570.26      nan;      nan      nan      nan;];
EW(115, :, :) = [   428.30   493.88      nan;   493.88   580.15      nan;      nan      nan      nan;];
EW(116, :, :) = [   436.33   502.97      nan;   502.97   589.84      nan;      nan      nan      nan;];
EW(117, :, :) = [   444.21   511.92      nan;   511.92   599.37      nan;      nan      nan      nan;];
EW(118, :, :) = [   451.98   520.75      nan;   520.75   608.74      nan;      nan      nan      nan;];
EW(119, :, :) = [   459.66   529.48      nan;   529.48   618.01      nan;      nan      nan      nan;];
EW(120, :, :) = [   467.30   538.16      nan;   538.16   627.23      nan;      nan      nan      nan;];
EW(121, :, :) = [   474.96   546.84   474.86;   546.84   636.46   546.58;   474.86   546.58   474.80;];
EW(122, :, :) = [   482.68   555.57   482.59;   555.57   645.78   555.33;   482.59   555.33   482.54;];
EW(123, :, :) = [   490.53   564.40   490.45;   564.40   655.23   564.17;   490.45   564.17   490.40;];
EW(124, :, :) = [   498.53   573.34   498.45;   573.34   664.86   573.13;   498.45   573.13   498.41;];
EW(125, :, :) = [   506.64   582.38   506.58;   582.38   674.64   582.18;   506.58   582.18   506.54;];
EW(126, :, :) = [   514.82   591.44   514.76;   591.44   684.48   591.26;   514.76   591.26   514.72;];
EW(127, :, :) = [   522.96   600.44   522.91;   600.44   694.28   600.26;   522.91   600.26   522.88;];
EW(128, :, :) = [   530.98   609.27   530.93;   609.27   703.93   609.10;   530.93   609.10   530.90;];
EW(129, :, :) = [   538.78   617.83   538.73;   617.83   713.31   617.68;   538.73   617.68   538.70;];
EW(130, :, :) = [   546.28   626.07   546.24;   626.07   722.34   625.92;   546.24   625.92   546.22;];
EW(131, :, :) = [   553.44   633.90   553.40;   633.90   730.95   633.76;   553.40   633.76   553.38;];
EW(132, :, :) = [   560.19   641.28   560.15;   641.28   739.07   641.15;   560.15   641.15   560.13;];
EW(133, :, :) = [   566.49   648.16   566.46;   648.16   746.65   648.03;   566.46   648.03   566.44;];
EW(134, :, :) = [   572.31   654.49   572.28;   654.49   753.65   654.38;   572.28   654.38   572.26;];
EW(135, :, :) = [   577.61   660.25   577.58;   660.25   760.02   660.14;   577.58   660.14   577.56;];
EW(136, :, :) = [   582.36   665.40   582.33;   665.40   765.73   665.29;   582.33   665.29   582.31;];
EW(137, :, :) = [   586.53   669.91   586.50;   669.91   770.74   669.81;   586.50   669.81   586.49;];
EW(138, :, :) = [   590.10   673.75   590.08;   673.75   775.04   673.66;   590.08   673.66   590.06;];
EW(139, :, :) = [   593.05   676.91   593.03;   676.91   778.59   676.82;   593.03   676.82   593.02;];
EW(140, :, :) = [   595.37   679.36   595.35;   679.36   781.37   679.28;   595.35   679.28   595.33;];
EW(141, :, :) = [   597.03   681.10   597.01;   681.10   783.37   681.02;   597.01   681.02   597.00;];
EW(142, :, :) = [   598.03   682.11   598.01;   682.11   784.58   682.03;   598.01   682.03   598.00;];
EW(143, :, :) = [   598.36   682.38   598.35;   682.38   784.98   682.30;   598.35   682.30   598.33;];
EW(144, :, :) = [   598.02   681.91   598.01;   681.91   784.57   681.83;   598.01   681.83   598.00;];
EW(145, :, :) = [   597.02   680.71   597.00;   680.71   783.36   680.63;   597.00   680.63   596.99;];
EW(146, :, :) = [   595.34   678.77   595.32;   678.77   781.34   678.69;   595.32   678.69   595.31;];
EW(147, :, :) = [   593.00   676.11   592.98;   676.11   778.53   676.02;   592.98   676.02   592.96;];
EW(148, :, :) = [   590.00   672.73   589.98;   672.73   774.93   672.63;   589.98   672.63   589.97;];
EW(149, :, :) = [   586.37   668.65   586.35;   668.65   770.56   668.55;   586.35   668.55   586.33;];
EW(150, :, :) = [   582.11   663.89   582.09;   663.89   765.44   663.78;   582.09   663.78   582.07;];
EW(151, :, :) = [   577.25   658.46   577.23;   658.46   759.59   658.35;   577.23   658.35   577.21;];
EW(152, :, :) = [   571.81   652.41   571.78;   652.41   753.05   652.29;   571.78   652.29   571.76;];
EW(153, :, :) = [   565.81   645.74   565.78;   645.74   745.83   645.61;   565.78   645.61   565.76;];
EW(154, :, :) = [   559.27   638.49   559.24;   638.49   737.97   638.36;   559.24   638.36   559.22;];
EW(155, :, :) = [   552.23   630.70   552.20;   630.70   729.51   630.56;   552.20   630.56   552.18;];
EW(156, :, :) = [   544.72   622.39   544.69;   622.39   720.47   622.24;   544.69   622.24   544.66;];
EW(157, :, :) = [   536.77   613.61   536.73;   613.61   710.91   613.44;   536.73   613.44   536.70;];
EW(158, :, :) = [   528.41   604.38   528.37;   604.38   700.85   604.20;   528.37   604.20   528.34;];
EW(159, :, :) = [   519.68   594.75   519.63;   594.75   690.34   594.56;   519.63   594.56   519.59;];
EW(160, :, :) = [   510.60   584.75   510.55;   584.75   679.41   584.54;   510.55   584.54   510.51;];
EW(161, :, :) = [   501.22   574.42   501.16;   574.42   668.12   574.20;   501.16   574.20   501.12;];
EW(162, :, :) = [   491.58   563.80   491.50;   563.80   656.50   563.56;   491.50   563.56   491.46;];
EW(163, :, :) = [   481.69   552.94   481.61;   552.94   644.60   552.67;   481.61   552.67   481.56;];
EW(164, :, :) = [   471.61   541.86   471.52;   541.86   632.45   541.57;   471.52   541.57   471.46;];
EW(165, :, :) = [   461.36   530.60   461.25;   530.60   620.09   530.29;   461.26   530.29   461.19;];
EW(166, :, :) = [   450.97   519.21   450.86;   519.21   607.57   518.86;   450.86   518.86   450.79;];
EW(167, :, :) = [   440.49   507.71   440.36;   507.71   594.93   507.33;   440.36   507.33   440.28;];
EW(168, :, :) = [   429.94   496.15   429.79;   496.15   582.19   495.73;   429.79   495.73   429.71;];
EW(169, :, :) = [   419.36   484.55   419.18;   484.55   569.40   484.08;   419.18   484.08   419.09;];
EW(170, :, :) = [   408.76   472.95   408.56;   472.95   556.59   472.43;   408.56   472.43   408.45;];
EW(171, :, :) = [   398.18   461.37   397.95;   461.37   543.79   460.79;   397.95   460.80   397.83;];
EW(172, :, :) = [   387.66   449.85   387.39;   449.85   531.04   449.21;   387.39   449.21   387.25;];
EW(173, :, :) = [   377.20   438.42   376.89;   438.42   518.36   437.70;   376.89   437.70   376.73;];
EW(174, :, :) = [   366.84   427.09   366.48;   427.09   505.77   426.29;   366.48   426.29   366.30;];
EW(175, :, :) = [   356.60   415.90   356.17;   415.90   493.31   415.00;   356.18   415.01   355.97;];
EW(176, :, :) = [   346.51   404.86   346.00;   404.86   480.99   403.85;   346.00   403.86   345.77;];
EW(177, :, :) = [   336.58   394.00   335.97;   394.00   468.84   392.86;   335.98   392.88   335.71;];
EW(178, :, :) = [   326.83   383.34   326.11;   383.34   456.87   382.05;   326.12   382.07   325.81;];
EW(179, :, :) = [   317.30   372.90   316.43;   372.90   445.10   371.44;   316.44   371.46   316.09;];
EW(180, :, :) = [   308.00   362.70   306.94;   362.70   433.54   361.03;   306.95   361.06   306.55;];
EW(181, :, :) = [   298.96   352.76   297.66;   352.76   422.22   350.84;   297.67   350.88   297.20;];
EW(182, :, :) = [   290.22   343.09   288.60;   343.09   411.13   340.89;   288.62   340.93   288.07;];
EW(183, :, :) = [   281.81   333.72   279.77;   333.72   400.30   331.17;   279.80   331.23   279.15;];
EW(184, :, :) = [   273.82   324.67   271.19;   324.67   389.72   321.70;   271.22   321.78   270.46;];
EW(185, :, :) = [   266.35   315.97   262.86;   315.97   379.41   312.49;   262.91   312.59   262.00;];
EW(186, :, :) = [   259.62   307.66   254.81;   307.66   369.37   303.55;   254.87   303.67   253.78;];
EW(187, :, :) = [   254.15   299.78   247.05;   299.78   359.60   294.86;   247.14   295.02   245.81;];
EW(188, :, :) = [   251.35   292.40   239.62;   292.40   350.10   286.45;   239.75   286.66   238.08;];
EW(189, :, :) = [   253.23   285.62   232.65;   285.62   340.89   278.32;   232.83   278.59   230.61;];
EW(190, :, :) = [   258.04   279.55   226.99;   279.55   331.95   270.47;   227.24   270.82   223.41;];
EW(191, :, :) = [   263.61   274.34   225.88;   274.34   323.29   262.91;   226.20   263.38   216.59;];
EW(192, :, :) = [   269.56   270.04   229.73;   270.04   314.91   255.67;   230.09   256.29   211.08;];
EW(193, :, :) = [   275.89   266.58   235.12;   266.58   306.80   248.78;   235.50   249.61   210.70;];
EW(194, :, :) = [   282.59   263.72   241.00;   263.72   298.97   242.32;   241.42   243.46   215.42;];
EW(195, :, :) = [   289.69   261.28   247.25;   261.28   291.40   236.47;   247.71   238.02   221.49;];
EW(196, :, :) = [   297.19   259.26   253.87;   259.26   284.10   231.49;   254.37   233.60   228.04;];
EW(197, :, :) = [   305.08   258.15   260.85;   258.15   277.06   227.88;   261.39   230.67   234.99;];
EW(198, :, :) = [   313.36   259.15   268.20;   259.15   270.27   226.70;   268.78   230.07   242.33;];
EW(199, :, :) = [   322.04   262.66   275.91;   262.66   263.74   228.40;   276.54   232.04   250.06;];
EW(200, :, :) = [   331.11   267.98   283.97;   267.98   257.51   232.05;   284.65   235.82   258.18;];
EW(201, :, :) = [   340.56   274.44   292.39;   274.44   252.15   236.88;   293.13   240.81   266.69;];
EW(202, :, :) = [   350.40   281.71   301.17;   281.71   250.74   242.55;   301.98   246.77   275.61;];
EW(203, :, :) = [   360.62   289.60   310.29;   289.60   254.40   248.88;   311.18   253.59   284.95;];
EW(204, :, :) = [   371.22   298.02   319.76;   298.02   260.64   255.78;   320.74   261.21   294.74;];
EW(205, :, :) = [   382.20   306.89   329.58;   306.89   268.19   263.18;   330.66   269.63   305.01;];
EW(206, :, :) = [   393.55   316.19   339.75;   316.19   276.56   271.04;   340.94   278.82   315.82;];
EW(207, :, :) = [   405.28   325.89   350.25;   325.89   285.54   279.35;   351.58   288.75   327.23;];
EW(208, :, :) = [   417.37   335.96   361.10;   335.96   295.03   288.07;   362.59   299.39   339.37;];
EW(209, :, :) = [   429.84   346.39   372.28;   346.39   304.95   297.22;   373.96   310.66   352.37;];
EW(210, :, :) = [   442.68   357.18   383.81;   357.18   315.27   306.77;   385.70   322.51   366.45;];
EW(211, :, :) = [   455.88   368.31   395.66;   368.31   325.97   316.77;   397.80   334.90   381.89;];
EW(212, :, :) = [   469.44   379.78   407.84;   379.78   337.02   327.33;   410.25   347.86   398.95;];
EW(213, :, :) = [   483.37   391.58   420.35;   391.58   348.41   338.87;   423.04   361.68   417.76;];
EW(214, :, :) = [   497.66   403.70   433.19;   403.70   360.13   352.46;   436.15   377.15   438.17;];
EW(215, :, :) = [   512.30   416.14   446.34;   416.14   372.18   368.83;   449.55   394.77   459.63;];
EW(216, :, :) = [   527.30   428.89   459.81;   428.89   384.54   386.63;   463.20   413.45   481.26;];
EW(217, :, :) = [   542.64   441.95   473.59;   441.95   397.20   403.95;   477.08   431.42   501.84;];
EW(218, :, :) = [   558.32   455.31   487.68;   455.31   410.17   419.31;   491.14   447.24   520.07;];
EW(219, :, :) = [   574.34   468.97   502.06;   468.97   423.42   431.57;   505.31   459.72   534.68;];
EW(220, :, :) = [   590.68   482.91   516.73;   482.91   436.96   439.79;   519.63   467.90   544.54;];
EW(221, :, :) = [   607.35   497.13   531.70;   497.13   450.77   443.50;   534.20   471.32   548.80;];
EW(222, :, :) = [   624.32   511.63   546.94;   511.63   464.85   445.78;   549.05   472.86   547.05;];
EW(223, :, :) = [   641.60   526.38   562.45;   526.38   479.19   455.87;   564.20   481.33   544.25;];
EW(224, :, :) = [   659.17   541.39   578.23;   541.39   493.78   468.47;   579.64   492.06   552.48;];
EW(225, :, :) = [   677.02   556.65   594.27;   556.65   508.61   481.34;   595.38   502.90   565.37;];
EW(226, :, :) = [   695.14   572.13   610.55;   572.13   523.66   494.42;   611.41   513.83   579.89;];
EW(227, :, :) = [   713.51   587.84   627.06;   587.84   538.93   507.70;   627.73   524.91   595.25;];
EW(228, :, :) = [   732.12   603.75   643.79;   603.75   554.40   521.20;   644.30   536.20   611.16;];
EW(229, :, :) = [   750.95   619.85   660.72;   619.85   570.06   534.92;   661.11   547.76   627.45;];
EW(230, :, :) = [   769.99   636.14   677.85;   636.14   585.90   548.84;   678.14   559.63   644.06;];
EW(231, :, :) = [   789.21   652.58   695.15;   652.58   601.89   562.96;   695.37   571.85   660.91;];
EW(232, :, :) = [   808.60   669.17   712.60;   669.17   618.02   577.26;   712.77   584.45   677.96;];
EW(233, :, :) = [   828.14   685.89   730.19;   685.89   634.28   591.72;   730.32   597.43   695.17;];
EW(234, :, :) = [   847.81   702.72   747.90;   702.72   650.65   606.33;   747.99   610.79   712.52;];
EW(235, :, :) = [   867.57   719.64   765.70;   719.64   667.10   621.05;   765.77   624.50   729.98;];
EW(236, :, :) = [   887.42   736.63   783.58;   736.63   683.62   635.86;   783.63   638.52   747.52;];
EW(237, :, :) = [   907.32   753.67   801.51;   753.67   700.19   650.75;   801.55   652.79   765.11;];
EW(238, :, :) = [   927.25   770.74   819.47;   770.74   716.78   665.68;   819.50   667.25   782.74;];
EW(239, :, :) = [   947.19   787.81   837.43;   787.81   733.38   680.64;   837.45   681.85   800.37;];
EW(240, :, :) = [   967.10   804.86   855.37;   804.86   749.95   695.60;   855.39   696.53   817.98;];
EW(241, :, :) = [   986.95   821.87   873.27;   821.87   766.48   710.53;   873.29   711.26   835.55;];
EW(242, :, :) = [  1006.72   838.81   891.10;   838.81   782.95   725.42;   891.11   725.99   853.05;];
EW(243, :, :) = [  1026.38   855.66   908.83;   855.66   799.32   740.23;   908.84   740.68   870.45;];
EW(244, :, :) = [  1045.90   872.39   926.43;   872.39   815.57   754.95;   926.44   755.31   887.72;];
EW(245, :, :) = [  1065.24   888.98   943.88;   888.98   831.68   769.55;   943.89   769.83   904.84;];
EW(246, :, :) = [  1084.38   905.40   961.15;   905.40   847.62   784.00;   961.16   784.23   921.78;];
EW(247, :, :) = [  1103.29   921.61   978.21;   921.61   863.36   798.29;   978.22   798.47   938.52;];
EW(248, :, :) = [  1121.93   937.61   995.04;   937.61   878.89   812.38;   995.04   812.53   955.02;];
EW(249, :, :) = [  1140.27   953.35  1011.60;   953.35   894.16   826.25;  1011.60   826.38   971.25;];
EW(250, :, :) = [  1158.29   968.82  1027.87;   968.82   909.17   839.89;  1027.87   839.99   987.20;];
EW(251, :, :) = [  1175.94   983.99  1043.82;   983.99   923.87   853.26;  1043.82   853.35  1002.83;];
EW(252, :, :) = [  1193.21   998.83  1059.42;   998.83   938.26   866.35;  1059.43   866.42  1018.12;];
EW(253, :, :) = [  1210.07  1013.32  1074.66;  1013.32   952.30   879.13;  1074.66   879.19  1033.04;];
EW(254, :, :) = [  1223.01  1024.55  1086.43;  1024.55   963.08   889.02;  1086.43   889.07  1044.50;];
EW(255, :, :) = [  1235.80  1035.64  1098.05;  1035.64   973.73   898.80;  1098.05   898.84  1055.82;];
EW(256, :, :) = [  1248.42  1046.59  1109.53;  1046.59   984.24   908.45;  1109.53   908.48  1066.99;];
EW(257, :, :) = [  1260.90  1057.40  1120.87;  1057.40   994.63   917.99;  1120.87   918.01  1078.04;];
EW(258, :, :) = [  1273.23  1068.09  1132.08;  1068.09  1004.90   927.41;  1132.08   927.43  1088.95;];
EW(259, :, :) = [  1285.43  1078.66  1143.17;  1078.66  1015.06   936.74;  1143.17   936.75  1099.75;];
EW(260, :, :) = [  1297.52  1089.13  1154.15;  1089.13  1025.13   945.98;  1154.15   945.99  1110.46;];
EW(261, :, :) = [  1309.54  1099.54  1165.07;  1099.54  1035.14   955.15;  1165.07   955.17  1121.10;];
EW(262, :, :) = [  1321.53  1109.90  1175.95;  1109.90  1045.13   964.30;  1175.95   964.31  1131.71;];
EW(263, :, :) = [  1333.54  1120.28  1186.84;  1120.28  1055.13   973.46;  1186.84   973.47  1142.34;];
EW(264, :, :) = [  1345.64  1130.71  1197.81;  1130.71  1065.21   982.67;  1197.81   982.67  1153.05;];
EW(265, :, :) = [  1357.88  1141.26  1208.90;  1141.26  1075.41   991.98;  1208.90   991.99  1163.89;];
EW(266, :, :) = [  1370.35  1151.98  1220.17;  1151.98  1085.80  1001.45;  1220.17  1001.45  1174.93;];
EW(267, :, :) = [  1383.08  1162.90  1231.66;  1162.90  1096.40  1011.09;  1231.66  1011.10  1186.20;];
EW(268, :, :) = [  1396.06  1174.02  1243.38;  1174.02  1107.21  1020.92;  1243.38  1020.92  1197.69;];
EW(269, :, :) = [  1409.24  1185.29  1255.26;  1185.29  1118.19  1030.87;  1255.26  1030.88  1209.36;];
EW(270, :, :) = [  1422.50  1196.61  1267.20;  1196.61  1129.23  1040.88;  1267.20  1040.88  1221.09;];
EW(271, :, :) = [  1435.68  1207.85  1279.06;  1207.85  1140.21  1050.81;  1279.06  1050.82  1232.76;];
EW(272, :, :) = [  1448.62  1218.88  1290.69;  1218.88  1150.99  1060.56;  1290.69  1060.56  1244.22;];
EW(273, :, :) = [  1461.17  1229.57  1301.97;  1229.57  1161.44  1070.00;  1301.97  1070.01  1255.33;];
EW(274, :, :) = [  1473.21  1239.81  1312.79;  1239.81  1171.47  1079.06;  1312.79  1079.06  1265.99;];
EW(275, :, :) = [  1484.62  1249.52  1323.04;  1249.52  1180.98  1087.64;  1323.04  1087.64  1276.09;];
EW(276, :, :) = [  1495.34  1258.63  1332.66;  1258.63  1189.90  1095.69;  1332.66  1095.69  1285.58;];
EW(277, :, :) = [  1505.28  1267.07  1341.59;  1267.07  1198.18  1103.15;  1341.59  1103.15  1294.38;];
EW(278, :, :) = [  1514.38  1274.81  1349.76;  1274.81  1205.77  1109.99;  1349.76  1109.99  1302.44;];
EW(279, :, :) = [  1522.59  1281.77  1357.13;  1281.77  1212.60  1116.15;  1357.13  1116.15  1309.71;];
EW(280, :, :) = [  1529.84  1287.93  1363.64;  1287.93  1218.65   104.53;  1363.64   104.58  1316.13;];
EW(281, :, :) = [  1536.06  1293.20  1369.22;  1293.20  1223.82    82.29;  1369.22    82.34  1321.63;];
EW(282, :, :) = [  1541.11  1297.48  1373.75;  1297.48  1228.02     1.36;  1373.75     1.41  1326.10;];
EW(283, :, :) = [  1544.78  1300.58  1377.05;  1300.58  1231.08      nan;  1377.05      nan  1329.34;];
EW(284, :, :) = [  1546.62      nan  1378.73;      nan      nan      nan;  1378.73      nan  1330.98;];
EW(285, :, :) = [  1545.63      nan  1377.87;      nan      nan      nan;  1377.87      nan  1330.10;];
EW(286, :, :) = [  1539.07      nan      nan;      nan      nan      nan;      nan      nan      nan;];
EW(287, :, :) = [  1517.99      nan      nan;      nan      nan      nan;      nan      nan      nan;];
EW(288, :, :) = [  1437.50      nan      nan;      nan      nan      nan;      nan      nan      nan;];
