EW = zeros(288, 3, 3);
EW(  1, :, :) = [   265.256   -99.000   -99.000;   -99.000   -99.000   -99.000;   -99.000   -99.000   -99.000;];
EW(  2, :, :) = [   268.084   -99.000   -99.000;   -99.000   -99.000   -99.000;   -99.000   -99.000   -99.000;];
EW(  3, :, :) = [   270.789   -99.000   -99.000;   -99.000   -99.000   -99.000;   -99.000   -99.000   -99.000;];
EW(  4, :, :) = [   273.366   -99.000   -99.000;   -99.000   -99.000   -99.000;   -99.000   -99.000   -99.000;];
EW(  5, :, :) = [   275.810   -99.000   -99.000;   -99.000   -99.000   -99.000;   -99.000   -99.000   -99.000;];
EW(  6, :, :) = [   278.118   -99.000   -99.000;   -99.000   -99.000   -99.000;   -99.000   -99.000   -99.000;];
EW(  7, :, :) = [   280.290   -99.000   -99.000;   -99.000   -99.000   -99.000;   -99.000   -99.000   -99.000;];
EW(  8, :, :) = [   282.328   -99.000   -99.000;   -99.000   -99.000   -99.000;   -99.000   -99.000   -99.000;];
EW(  9, :, :) = [   284.236   -99.000   -99.000;   -99.000   -99.000   -99.000;   -99.000   -99.000   -99.000;];
EW( 10, :, :) = [   286.024   -99.000   -99.000;   -99.000   -99.000   -99.000;   -99.000   -99.000   -99.000;];
EW( 11, :, :) = [   287.704   -99.000   -99.000;   -99.000   -99.000   -99.000;   -99.000   -99.000   -99.000;];
EW( 12, :, :) = [   289.291   -99.000   -99.000;   -99.000   -99.000   -99.000;   -99.000   -99.000   -99.000;];
EW( 13, :, :) = [   290.798   -99.000   -99.000;   -99.000   -99.000   -99.000;   -99.000   -99.000   -99.000;];
EW( 14, :, :) = [   292.234   -99.000   -99.000;   -99.000   -99.000   -99.000;   -99.000   -99.000   -99.000;];
EW( 15, :, :) = [   293.595   -99.000   -99.000;   -99.000   -99.000   -99.000;   -99.000   -99.000   -99.000;];
EW( 16, :, :) = [   294.869   -99.000   -99.000;   -99.000   -99.000   -99.000;   -99.000   -99.000   -99.000;];
EW( 17, :, :) = [   296.027   -99.000   -99.000;   -99.000   -99.000   -99.000;   -99.000   -99.000   -99.000;];
EW( 18, :, :) = [   297.043   -99.000   -99.000;   -99.000   -99.000   -99.000;   -99.000   -99.000   -99.000;];
EW( 19, :, :) = [   297.890   -99.000   -99.000;   -99.000   -99.000   -99.000;   -99.000   -99.000   -99.000;];
EW( 20, :, :) = [   298.546   -99.000   -99.000;   -99.000   -99.000   -99.000;   -99.000   -99.000   -99.000;];
EW( 21, :, :) = [   298.995   -99.000   -99.000;   -99.000   -99.000   -99.000;   -99.000   -99.000   -99.000;];
EW( 22, :, :) = [   299.226   -99.000   -99.000;   -99.000   -99.000   -99.000;   -99.000   -99.000   -99.000;];
EW( 23, :, :) = [   299.230   -99.000   -99.000;   -99.000   -99.000   -99.000;   -99.000   -99.000   -99.000;];
EW( 24, :, :) = [   299.001   -99.000   -99.000;   -99.000   -99.000   -99.000;   -99.000   -99.000   -99.000;];
EW( 25, :, :) = [   298.538   -99.000   -99.000;   -99.000   -99.000   -99.000;   -99.000   -99.000   -99.000;];
EW( 26, :, :) = [   297.839   -99.000   -99.000;   -99.000   -99.000   -99.000;   -99.000   -99.000   -99.000;];
EW( 27, :, :) = [   296.906   -99.000   -99.000;   -99.000   -99.000   -99.000;   -99.000   -99.000   -99.000;];
EW( 28, :, :) = [   295.741   -99.000   -99.000;   -99.000   -99.000   -99.000;   -99.000   -99.000   -99.000;];
EW( 29, :, :) = [   294.348   -99.000   -99.000;   -99.000   -99.000   -99.000;   -99.000   -99.000   -99.000;];
EW( 30, :, :) = [   292.734   -99.000   -99.000;   -99.000   -99.000   -99.000;   -99.000   -99.000   -99.000;];
EW( 31, :, :) = [   290.903   -99.000   -99.000;   -99.000   -99.000   -99.000;   -99.000   -99.000   -99.000;];
EW( 32, :, :) = [   288.864   -99.000   -99.000;   -99.000   -99.000   -99.000;   -99.000   -99.000   -99.000;];
EW( 33, :, :) = [   286.627   -99.000   -99.000;   -99.000   -99.000   -99.000;   -99.000   -99.000   -99.000;];
EW( 34, :, :) = [   284.199   -99.000   -99.000;   -99.000   -99.000   -99.000;   -99.000   -99.000   -99.000;];
EW( 35, :, :) = [   281.592   -99.000   -99.000;   -99.000   -99.000   -99.000;   -99.000   -99.000   -99.000;];
EW( 36, :, :) = [   278.816   -99.000   -99.000;   -99.000   -99.000   -99.000;   -99.000   -99.000   -99.000;];
EW( 37, :, :) = [   275.882   184.936   -99.000;   184.936   137.196   -99.000;   -99.000   -99.000   -99.000;];
EW( 38, :, :) = [   272.802   182.533   -99.000;   182.533   137.593   -99.000;   -99.000   -99.000   -99.000;];
EW( 39, :, :) = [   269.588   180.033   -99.000;   180.033   138.008   -99.000;   -99.000   -99.000   -99.000;];
EW( 40, :, :) = [   266.252   177.445   -99.000;   177.445   138.435   -99.000;   -99.000   -99.000   -99.000;];
EW( 41, :, :) = [   262.805   174.778   -99.000;   174.778   138.864   -99.000;   -99.000   -99.000   -99.000;];
EW( 42, :, :) = [   259.260   172.041   -99.000;   172.041   139.293   -99.000;   -99.000   -99.000   -99.000;];
EW( 43, :, :) = [   255.628   169.244   -99.000;   169.244   139.721   -99.000;   -99.000   -99.000   -99.000;];
EW( 44, :, :) = [   251.921   166.395   -99.000;   166.395   140.149   -99.000;   -99.000   -99.000   -99.000;];
EW( 45, :, :) = [   248.149   163.503   -99.000;   163.503   140.571   -99.000;   -99.000   -99.000   -99.000;];
EW( 46, :, :) = [   244.325   160.578   -99.000;   160.578   140.989   -99.000;   -99.000   -99.000   -99.000;];
EW( 47, :, :) = [   240.457   157.626   -99.000;   157.626   141.390   -99.000;   -99.000   -99.000   -99.000;];
EW( 48, :, :) = [   236.556   154.657   -99.000;   154.657   141.759   -99.000;   -99.000   -99.000   -99.000;];
EW( 49, :, :) = [   232.632   151.678   -99.000;   151.678   142.101   -99.000;   -99.000   -99.000   -99.000;];
EW( 50, :, :) = [   228.693   148.698   -99.000;   148.698   142.424   -99.000;   -99.000   -99.000   -99.000;];
EW( 51, :, :) = [   224.747   145.724   -99.000;   145.724   142.735   -99.000;   -99.000   -99.000   -99.000;];
EW( 52, :, :) = [   220.804   142.765   -99.000;   142.765   142.984   -99.000;   -99.000   -99.000   -99.000;];
EW( 53, :, :) = [   216.869   139.831   -99.000;   139.831   142.769   -99.000;   -99.000   -99.000   -99.000;];
EW( 54, :, :) = [   212.950   136.931   -99.000;   136.931   139.875   -99.000;   -99.000   -99.000   -99.000;];
EW( 55, :, :) = [   209.053   134.080   -99.000;   134.080   139.024   -99.000;   -99.000   -99.000   -99.000;];
EW( 56, :, :) = [   205.184   131.295   -99.000;   131.295   140.110   -99.000;   -99.000   -99.000   -99.000;];
EW( 57, :, :) = [   201.347   128.604   -99.000;   128.604   143.349   -99.000;   -99.000   -99.000   -99.000;];
EW( 58, :, :) = [   197.548   126.050   -99.000;   126.050   146.491   -99.000;   -99.000   -99.000   -99.000;];
EW( 59, :, :) = [   193.791   123.704   -99.000;   123.704   148.573   -99.000;   -99.000   -99.000   -99.000;];
EW( 60, :, :) = [   190.079   121.650   -99.000;   121.650   149.540   -99.000;   -99.000   -99.000   -99.000;];
EW( 61, :, :) = [   186.416   119.915   -99.000;   119.915   150.334   -99.000;   -99.000   -99.000   -99.000;];
EW( 62, :, :) = [   182.805   118.403   -99.000;   118.403   151.129   -99.000;   -99.000   -99.000   -99.000;];
EW( 63, :, :) = [   179.248   117.004   -99.000;   117.004   151.941   -99.000;   -99.000   -99.000   -99.000;];
EW( 64, :, :) = [   175.748   115.667   -99.000;   115.667   152.772   -99.000;   -99.000   -99.000   -99.000;];
EW( 65, :, :) = [   172.306   114.377   -99.000;   114.377   153.624   -99.000;   -99.000   -99.000   -99.000;];
EW( 66, :, :) = [   168.924   113.129   -99.000;   113.129   154.497   -99.000;   -99.000   -99.000   -99.000;];
EW( 67, :, :) = [   165.603   111.924   -99.000;   111.924   155.392   -99.000;   -99.000   -99.000   -99.000;];
EW( 68, :, :) = [   162.344   110.762   -99.000;   110.762   156.309   -99.000;   -99.000   -99.000   -99.000;];
EW( 69, :, :) = [   159.147   109.644   -99.000;   109.644   157.248   -99.000;   -99.000   -99.000   -99.000;];
EW( 70, :, :) = [   156.014   108.570   -99.000;   108.570   158.212   -99.000;   -99.000   -99.000   -99.000;];
