beta = 0.800000;
theta = 1.000000;
VoT0 = 60.000000;
Um0 = [ 2200.000000 2500.000000 1200.000000 ];
b0 = [ 120.000000 840.000000 1140.000000 ];
c0 = [ 240.000000 180.000000 210.000000 ];
