EW = zeros(288, 3, 3);
EW(  1, :, :) = [   417.66      nan      nan;      nan      nan      nan;      nan      nan      nan;];
EW(  2, :, :) = [   417.26      nan      nan;      nan      nan      nan;      nan      nan      nan;];
EW(  3, :, :) = [   416.71      nan      nan;      nan      nan      nan;      nan      nan      nan;];
EW(  4, :, :) = [   416.01      nan      nan;      nan      nan      nan;      nan      nan      nan;];
EW(  5, :, :) = [   415.16      nan      nan;      nan      nan      nan;      nan      nan      nan;];
EW(  6, :, :) = [   414.16      nan      nan;      nan      nan      nan;      nan      nan      nan;];
EW(  7, :, :) = [   413.01      nan      nan;      nan      nan      nan;      nan      nan      nan;];
EW(  8, :, :) = [   411.72      nan      nan;      nan      nan      nan;      nan      nan      nan;];
EW(  9, :, :) = [   410.28      nan      nan;      nan      nan      nan;      nan      nan      nan;];
EW( 10, :, :) = [   408.70      nan      nan;      nan      nan      nan;      nan      nan      nan;];
EW( 11, :, :) = [   406.99      nan      nan;      nan      nan      nan;      nan      nan      nan;];
EW( 12, :, :) = [   405.14      nan      nan;      nan      nan      nan;      nan      nan      nan;];
EW( 13, :, :) = [   403.16      nan      nan;      nan      nan      nan;      nan      nan      nan;];
EW( 14, :, :) = [   401.05      nan      nan;      nan      nan      nan;      nan      nan      nan;];
EW( 15, :, :) = [   398.82      nan      nan;      nan      nan      nan;      nan      nan      nan;];
EW( 16, :, :) = [   396.46      nan      nan;      nan      nan      nan;      nan      nan      nan;];
EW( 17, :, :) = [   393.99      nan      nan;      nan      nan      nan;      nan      nan      nan;];
EW( 18, :, :) = [   391.40      nan      nan;      nan      nan      nan;      nan      nan      nan;];
EW( 19, :, :) = [   388.71      nan      nan;      nan      nan      nan;      nan      nan      nan;];
EW( 20, :, :) = [   385.90      nan      nan;      nan      nan      nan;      nan      nan      nan;];
EW( 21, :, :) = [   383.00      nan      nan;      nan      nan      nan;      nan      nan      nan;];
EW( 22, :, :) = [   380.00      nan      nan;      nan      nan      nan;      nan      nan      nan;];
EW( 23, :, :) = [   376.91      nan      nan;      nan      nan      nan;      nan      nan      nan;];
EW( 24, :, :) = [   373.73      nan      nan;      nan      nan      nan;      nan      nan      nan;];
EW( 25, :, :) = [   370.46      nan      nan;      nan      nan      nan;      nan      nan      nan;];
EW( 26, :, :) = [   367.12      nan      nan;      nan      nan      nan;      nan      nan      nan;];
EW( 27, :, :) = [   363.70      nan      nan;      nan      nan      nan;      nan      nan      nan;];
EW( 28, :, :) = [   360.22      nan      nan;      nan      nan      nan;      nan      nan      nan;];
EW( 29, :, :) = [   356.67      nan      nan;      nan      nan      nan;      nan      nan      nan;];
EW( 30, :, :) = [   353.06      nan      nan;      nan      nan      nan;      nan      nan      nan;];
EW( 31, :, :) = [   349.40      nan      nan;      nan      nan      nan;      nan      nan      nan;];
EW( 32, :, :) = [   345.68      nan      nan;      nan      nan      nan;      nan      nan      nan;];
EW( 33, :, :) = [   341.92      nan      nan;      nan      nan      nan;      nan      nan      nan;];
EW( 34, :, :) = [   338.12      nan      nan;      nan      nan      nan;      nan      nan      nan;];
EW( 35, :, :) = [   334.28      nan      nan;      nan      nan      nan;      nan      nan      nan;];
EW( 36, :, :) = [   330.41      nan      nan;      nan      nan      nan;      nan      nan      nan;];
EW( 37, :, :) = [   326.51      nan      nan;      nan      nan      nan;      nan      nan      nan;];
EW( 38, :, :) = [   322.59      nan      nan;      nan      nan      nan;      nan      nan      nan;];
EW( 39, :, :) = [   318.64      nan      nan;      nan      nan      nan;      nan      nan      nan;];
EW( 40, :, :) = [   314.69      nan      nan;      nan      nan      nan;      nan      nan      nan;];
EW( 41, :, :) = [   310.72      nan      nan;      nan      nan      nan;      nan      nan      nan;];
EW( 42, :, :) = [   306.74      nan      nan;      nan      nan      nan;      nan      nan      nan;];
EW( 43, :, :) = [   302.76      nan      nan;      nan      nan      nan;      nan      nan      nan;];
EW( 44, :, :) = [   298.78      nan      nan;      nan      nan      nan;      nan      nan      nan;];
EW( 45, :, :) = [   294.80      nan      nan;      nan      nan      nan;      nan      nan      nan;];
EW( 46, :, :) = [   290.83      nan      nan;      nan      nan      nan;      nan      nan      nan;];
EW( 47, :, :) = [   286.87      nan      nan;      nan      nan      nan;      nan      nan      nan;];
EW( 48, :, :) = [   282.93      nan      nan;      nan      nan      nan;      nan      nan      nan;];
EW( 49, :, :) = [   279.00      nan      nan;      nan      nan      nan;      nan      nan      nan;];
EW( 50, :, :) = [   275.09      nan      nan;      nan      nan      nan;      nan      nan      nan;];
EW( 51, :, :) = [   271.20      nan      nan;      nan      nan      nan;      nan      nan      nan;];
EW( 52, :, :) = [   267.33      nan      nan;      nan      nan      nan;      nan      nan      nan;];
EW( 53, :, :) = [   263.50      nan      nan;      nan      nan      nan;      nan      nan      nan;];
EW( 54, :, :) = [   259.69      nan      nan;      nan      nan      nan;      nan      nan      nan;];
EW( 55, :, :) = [   255.91      nan      nan;      nan      nan      nan;      nan      nan      nan;];
EW( 56, :, :) = [   252.17      nan      nan;      nan      nan      nan;      nan      nan      nan;];
EW( 57, :, :) = [   248.46      nan      nan;      nan      nan      nan;      nan      nan      nan;];
EW( 58, :, :) = [   244.79      nan      nan;      nan      nan      nan;      nan      nan      nan;];
EW( 59, :, :) = [   241.16      nan      nan;      nan      nan      nan;      nan      nan      nan;];
EW( 60, :, :) = [   237.57      nan      nan;      nan      nan      nan;      nan      nan      nan;];
EW( 61, :, :) = [   234.02      nan      nan;      nan      nan      nan;      nan      nan      nan;];
EW( 62, :, :) = [   230.51      nan      nan;      nan      nan      nan;      nan      nan      nan;];
EW( 63, :, :) = [   227.05      nan      nan;      nan      nan      nan;      nan      nan      nan;];
EW( 64, :, :) = [   223.64      nan      nan;      nan      nan      nan;      nan      nan      nan;];
EW( 65, :, :) = [   220.27      nan      nan;      nan      nan      nan;      nan      nan      nan;];
EW( 66, :, :) = [   216.95      nan      nan;      nan      nan      nan;      nan      nan      nan;];
EW( 67, :, :) = [   213.68      nan      nan;      nan      nan      nan;      nan      nan      nan;];
EW( 68, :, :) = [   210.45      nan      nan;      nan      nan      nan;      nan      nan      nan;];
EW( 69, :, :) = [   207.28      nan      nan;      nan      nan      nan;      nan      nan      nan;];
EW( 70, :, :) = [   204.16      nan      nan;      nan      nan      nan;      nan      nan      nan;];
EW( 71, :, :) = [   201.09      nan      nan;      nan      nan      nan;      nan      nan      nan;];
EW( 72, :, :) = [   198.06      nan      nan;      nan      nan      nan;      nan      nan      nan;];
EW( 73, :, :) = [   195.10   150.09      nan;   150.09   120.61      nan;      nan      nan      nan;];
EW( 74, :, :) = [   192.18   149.60      nan;   149.60   122.86      nan;      nan      nan      nan;];
EW( 75, :, :) = [   189.31   149.29      nan;   149.29   125.29      nan;      nan      nan      nan;];
EW( 76, :, :) = [   186.50   149.12      nan;   149.12   127.90      nan;      nan      nan      nan;];
EW( 77, :, :) = [   183.73   149.09      nan;   149.09   130.66      nan;      nan      nan      nan;];
EW( 78, :, :) = [   181.02   149.17      nan;   149.17   133.59      nan;      nan      nan      nan;];
EW( 79, :, :) = [   178.37   149.36      nan;   149.36   136.69      nan;      nan      nan      nan;];
EW( 80, :, :) = [   175.76   149.64      nan;   149.64   139.96      nan;      nan      nan      nan;];
EW( 81, :, :) = [   173.20   150.02      nan;   150.02   143.41      nan;      nan      nan      nan;];
EW( 82, :, :) = [   170.70   150.49      nan;   150.49   147.04      nan;      nan      nan      nan;];
EW( 83, :, :) = [   168.24   151.05      nan;   151.05   150.87      nan;      nan      nan      nan;];
EW( 84, :, :) = [   165.84   151.70      nan;   151.70   154.88      nan;      nan      nan      nan;];
EW( 85, :, :) = [   163.48   152.45      nan;   152.45   159.10      nan;      nan      nan      nan;];
EW( 86, :, :) = [   161.18   153.30      nan;   153.30   163.51      nan;      nan      nan      nan;];
EW( 87, :, :) = [   158.92   154.24      nan;   154.24   168.12      nan;      nan      nan      nan;];
EW( 88, :, :) = [   156.72   155.28      nan;   155.28   172.93      nan;      nan      nan      nan;];
EW( 89, :, :) = [   154.56   156.43      nan;   156.43   177.92      nan;      nan      nan      nan;];
EW( 90, :, :) = [   152.45   157.68      nan;   157.68   183.10      nan;      nan      nan      nan;];
EW( 91, :, :) = [   150.38   159.05      nan;   159.05   188.46      nan;      nan      nan      nan;];
EW( 92, :, :) = [   148.37   160.55      nan;   160.55   194.00      nan;      nan      nan      nan;];
EW( 93, :, :) = [   146.40   162.21      nan;   162.21   199.70      nan;      nan      nan      nan;];
EW( 94, :, :) = [   144.48   164.07      nan;   164.07   205.55      nan;      nan      nan      nan;];
EW( 95, :, :) = [   142.63   166.19      nan;   166.19   211.56      nan;      nan      nan      nan;];
EW( 96, :, :) = [   140.87   168.66      nan;   168.66   217.71      nan;      nan      nan      nan;];
EW( 97, :, :) = [   139.30   171.55      nan;   171.55   223.98      nan;      nan      nan      nan;];
EW( 98, :, :) = [   138.15   174.92      nan;   174.92   230.37      nan;      nan      nan      nan;];
EW( 99, :, :) = [   137.88   178.74      nan;   178.74   236.88      nan;      nan      nan      nan;];
EW(100, :, :) = [   138.83   182.97      nan;   182.97   243.47      nan;      nan      nan      nan;];
EW(101, :, :) = [   140.94   187.54      nan;   187.54   250.16      nan;      nan      nan      nan;];
EW(102, :, :) = [   143.92   192.41      nan;   192.41   256.91      nan;      nan      nan      nan;];
EW(103, :, :) = [   147.49   197.50      nan;   197.50   263.73      nan;      nan      nan      nan;];
EW(104, :, :) = [   151.46   202.78      nan;   202.78   270.59      nan;      nan      nan      nan;];
EW(105, :, :) = [   155.70   208.20      nan;   208.20   277.48      nan;      nan      nan      nan;];
EW(106, :, :) = [   160.13   213.75      nan;   213.75   284.40      nan;      nan      nan      nan;];
EW(107, :, :) = [   164.70   219.38      nan;   219.38   291.32      nan;      nan      nan      nan;];
EW(108, :, :) = [   169.36   225.07      nan;   225.07   298.24      nan;      nan      nan      nan;];
EW(109, :, :) = [   174.08   230.81      nan;   230.81   305.14      nan;      nan      nan      nan;];
EW(110, :, :) = [   178.83   236.58      nan;   236.58   312.01      nan;      nan      nan      nan;];
EW(111, :, :) = [   183.60   242.36      nan;   242.36   318.83      nan;      nan      nan      nan;];
EW(112, :, :) = [   188.36   248.14      nan;   248.14   325.60      nan;      nan      nan      nan;];
EW(113, :, :) = [   193.11   253.90      nan;   253.90   332.31      nan;      nan      nan      nan;];
EW(114, :, :) = [   197.83   259.64      nan;   259.64   338.95      nan;      nan      nan      nan;];
EW(115, :, :) = [   202.51   265.33      nan;   265.33   345.52      nan;      nan      nan      nan;];
EW(116, :, :) = [   207.15   270.99      nan;   270.99   352.00      nan;      nan      nan      nan;];
EW(117, :, :) = [   211.75   276.59      nan;   276.59   358.40      nan;      nan      nan      nan;];
EW(118, :, :) = [   216.30   282.15      nan;   282.15   364.73      nan;      nan      nan      nan;];
EW(119, :, :) = [   220.81   287.65      nan;   287.65   370.98      nan;      nan      nan      nan;];
EW(120, :, :) = [   225.28   293.09      nan;   293.09   377.16      nan;      nan      nan      nan;];
EW(121, :, :) = [   229.72   298.50   229.51;   298.50   383.29   298.02;   229.51   298.02   229.39;];
EW(122, :, :) = [   234.12   303.85   233.94;   303.85   389.38   303.41;   233.94   303.41   233.83;];
EW(123, :, :) = [   238.51   309.16   238.34;   309.16   395.42   308.75;   238.34   308.75   238.24;];
EW(124, :, :) = [   242.87   314.43   242.72;   314.43   401.43   314.04;   242.72   314.04   242.63;];
EW(125, :, :) = [   247.21   319.63   247.07;   319.63   407.39   319.27;   247.07   319.27   246.99;];
EW(126, :, :) = [   251.50   324.77   251.38;   324.77   413.30   324.43;   251.38   324.43   251.30;];
EW(127, :, :) = [   255.74   329.81   255.62;   329.81   419.11   329.50;   255.62   329.50   255.55;];
EW(128, :, :) = [   259.88   334.73   259.78;   334.73   424.80   334.43;   259.78   334.43   259.71;];
EW(129, :, :) = [   263.91   339.48   263.81;   339.48   430.32   339.21;   263.81   339.21   263.75;];
EW(130, :, :) = [   267.78   344.05   267.70;   344.05   435.64   343.79;   267.70   343.79   267.64;];
EW(131, :, :) = [   271.48   348.39   271.40;   348.39   440.71   348.15;   271.40   348.15   271.35;];
EW(132, :, :) = [   274.98   352.49   274.91;   352.49   445.50   352.26;   274.91   352.26   274.86;];
EW(133, :, :) = [   278.25   356.30   278.18;   356.30   449.97   356.09;   278.18   356.09   278.14;];
EW(134, :, :) = [   281.27   359.82   281.21;   359.82   454.11   359.61;   281.21   359.61   281.17;];
EW(135, :, :) = [   284.02   363.01   283.96;   363.01   457.88   362.81;   283.96   362.81   283.93;];
EW(136, :, :) = [   286.49   365.86   286.44;   365.86   461.25   365.67;   286.44   365.67   286.40;];
EW(137, :, :) = [   288.66   368.35   288.61;   368.35   464.22   368.17;   288.61   368.17   288.57;];
EW(138, :, :) = [   290.51   370.46   290.46;   370.46   466.76   370.29;   290.46   370.29   290.43;];
EW(139, :, :) = [   292.04   372.19   292.00;   372.19   468.85   372.03;   292.00   372.03   291.97;];
EW(140, :, :) = [   293.24   373.53   293.20;   373.53   470.49   373.37;   293.20   373.37   293.17;];
EW(141, :, :) = [   294.10   374.46   294.05;   374.46   471.66   374.31;   294.05   374.31   294.03;];
EW(142, :, :) = [   294.60   374.97   294.56;   374.97   472.36   374.83;   294.56   374.83   294.54;];
EW(143, :, :) = [   294.76   375.08   294.72;   375.08   472.58   374.94;   294.72   374.94   294.69;];
EW(144, :, :) = [   294.56   374.77   294.53;   374.77   472.31   374.63;   294.53   374.63   294.50;];
EW(145, :, :) = [   294.02   374.04   293.98;   374.04   471.56   373.90;   293.98   373.90   293.95;];
EW(146, :, :) = [   293.12   372.91   293.08;   372.91   470.33   372.76;   293.08   372.76   293.05;];
EW(147, :, :) = [   291.87   371.36   291.83;   371.36   468.62   371.20;   291.83   371.20   291.80;];
EW(148, :, :) = [   290.28   369.42   290.24;   369.42   466.45   369.25;   290.24   369.25   290.20;];
EW(149, :, :) = [   288.35   367.08   288.31;   367.08   463.81   366.90;   288.31   366.90   288.27;];
EW(150, :, :) = [   286.10   364.35   286.05;   364.35   460.73   364.17;   286.05   364.17   286.01;];
EW(151, :, :) = [   283.53   361.26   283.47;   361.26   457.21   361.06;   283.47   361.06   283.44;];
EW(152, :, :) = [   280.65   357.81   280.59;   357.81   453.27   357.60;   280.59   357.60   280.55;];
EW(153, :, :) = [   277.48   354.02   277.41;   354.02   448.93   353.80;   277.41   353.80   277.37;];
EW(154, :, :) = [   274.03   349.91   273.96;   349.91   444.20   349.67;   273.96   349.67   273.91;];
EW(155, :, :) = [   270.31   345.49   270.24;   345.49   439.12   345.23;   270.24   345.23   270.19;];
EW(156, :, :) = [   266.35   340.79   266.27;   340.79   433.69   340.51;   266.27   340.51   266.22;];
EW(157, :, :) = [   262.16   335.82   262.07;   335.82   427.94   335.52;   262.07   335.52   262.01;];
EW(158, :, :) = [   257.75   330.61   257.66;   330.61   421.90   330.28;   257.66   330.28   257.59;];
EW(159, :, :) = [   253.16   325.18   253.05;   325.18   415.59   324.82;   253.05   324.82   252.98;];
EW(160, :, :) = [   248.38   319.55   248.26;   319.55   409.03   319.16;   248.26   319.16   248.18;];
EW(161, :, :) = [   243.45   313.74   243.31;   313.74   402.25   313.31;   243.31   313.31   243.23;];
EW(162, :, :) = [   238.38   307.77   238.23;   307.77   395.28   307.31;   238.23   307.31   238.13;];
EW(163, :, :) = [   233.19   301.68   233.02;   301.68   388.13   301.17;   233.02   301.17   232.92;];
EW(164, :, :) = [   227.90   295.47   227.71;   295.47   380.84   294.91;   227.71   294.91   227.60;];
EW(165, :, :) = [   222.53   289.18   222.32;   289.18   373.42   288.56;   222.32   288.56   222.19;];
EW(166, :, :) = [   217.11   282.82   216.86;   282.82   365.91   282.13;   216.86   282.13   216.71;];
EW(167, :, :) = [   211.63   276.42   211.35;   276.42   358.32   275.65;   211.35   275.65   211.19;];
EW(168, :, :) = [   206.14   269.99   205.81;   269.99   350.68   269.14;   205.81   269.14   205.63;];
EW(169, :, :) = [   200.63   263.57   200.26;   263.57   343.01   262.61;   200.26   262.62   200.05;];
EW(170, :, :) = [   195.14   257.16   194.71;   257.16   335.32   256.09;   194.71   256.09   194.47;];
EW(171, :, :) = [   189.68   250.79   189.18;   250.79   327.65   249.58;   189.18   249.59   188.90;];
EW(172, :, :) = [   184.26   244.48   183.68;   244.48   320.00   243.12;   183.68   243.13   183.36;];
EW(173, :, :) = [   178.92   238.26   178.22;   238.26   312.39   236.70;   178.23   236.71   177.85;];
EW(174, :, :) = [   173.66   232.13   172.83;   232.13   304.84   230.36;   172.84   230.37   172.40;];
EW(175, :, :) = [   168.51   226.11   167.52;   226.11   297.36   224.09;   167.52   224.10   167.02;];
EW(176, :, :) = [   163.49   220.25   162.29;   220.25   289.98   217.91;   162.30   217.93   161.71;];
EW(177, :, :) = [   158.64   214.54   157.17;   214.54   282.69   211.84;   157.18   211.87   156.49;];
EW(178, :, :) = [   153.99   209.03   152.17;   209.03   275.51   205.89;   152.19   205.92   151.36;];
EW(179, :, :) = [   149.59   203.73   147.31;   203.73   268.45   200.06;   147.33   200.10   146.33;];
EW(180, :, :) = [   145.51   198.68   142.60;   198.68   261.52   194.36;   142.63   194.42   141.43;];
EW(181, :, :) = [   141.85   193.91   138.08;   193.91   254.73   188.81;   138.13   188.89   136.64;];
EW(182, :, :) = [   138.75   189.47   133.78;   189.47   248.09   183.42;   133.84   183.52   131.98;];
EW(183, :, :) = [   136.42   185.39   129.74;   185.39   241.59   178.18;   129.83   178.32   127.47;];
EW(184, :, :) = [   135.07   181.69   126.03;   181.69   235.25   173.12;   126.16   173.30   123.11;];
EW(185, :, :) = [   134.79   178.38   122.74;   178.38   229.07   168.24;   122.92   168.47   118.90;];
EW(186, :, :) = [   135.43   175.44   119.96;   175.44   223.04   163.55;   120.22   163.86   114.88;];
EW(187, :, :) = [   136.65   172.82   117.80;   172.82   217.19   159.07;   118.17   159.48   111.05;];
EW(188, :, :) = [   138.17   170.45   116.29;   170.45   211.50   154.82;   116.83   155.36   107.45;];
EW(189, :, :) = [   139.86   168.30   115.45;   168.30   205.97   150.81;   116.22   151.54   104.13;];
EW(190, :, :) = [   141.64   166.32   115.22;   166.32   200.62   147.09;   116.32   148.05   101.22;];
EW(191, :, :) = [   143.49   164.48   115.52;   164.48   195.43   143.66;   117.06   144.93    98.92;];
EW(192, :, :) = [   145.40   162.77   116.25;   162.77   190.40   140.55;   118.39   142.21    97.59;];
EW(193, :, :) = [   147.35   161.17   117.31;   161.17   185.54   137.78;   120.26   139.91    97.63;];
EW(194, :, :) = [   149.36   159.68   118.61;   159.68   180.85   135.32;   122.63   138.04    99.11;];
EW(195, :, :) = [   151.42   158.30   120.10;   158.30   176.31   133.16;   125.49   136.61   101.79;];
EW(196, :, :) = [   153.52   157.02   121.72;   157.02   171.94   131.26;   128.82   135.63   105.38;];
EW(197, :, :) = [   155.68   155.84   123.45;   155.84   167.72   129.60;   132.59   135.12   109.64;];
EW(198, :, :) = [   157.88   154.76   125.28;   154.76   163.66   128.14;   136.73   135.13   114.39;];
EW(199, :, :) = [   160.13   153.78   127.19;   153.78   159.74   126.87;   141.20   135.71   119.52;];
EW(200, :, :) = [   162.44   152.89   129.19;   152.89   155.97   125.77;   145.95   136.88   124.95;];
EW(201, :, :) = [   164.80   152.09   131.28;   152.09   152.35   124.85;   150.94   138.64   130.63;];
EW(202, :, :) = [   167.20   151.39   133.45;   151.39   148.87   124.10;   156.13   140.97   136.56;];
EW(203, :, :) = [   169.66   150.79   135.71;   150.79   145.52   123.53;   161.52   143.81   142.71;];
EW(204, :, :) = [   172.18   150.27   138.08;   150.27   142.31   123.15;   167.11   147.14   149.10;];
EW(205, :, :) = [   174.75   149.86   140.55;   149.87   139.23   123.01;   172.89   150.94   155.74;];
EW(206, :, :) = [   177.37   149.54   143.16;   149.58   136.28   123.18;   178.90   155.20   162.66;];
EW(207, :, :) = [   180.05   149.35   145.95;   149.48   133.48   123.87;   185.15   159.92   169.91;];
EW(208, :, :) = [   182.79   149.32   149.00;   149.69   130.89   125.48;   191.70   165.10   177.53;];
EW(209, :, :) = [   185.59   149.52   152.49;   150.48   128.72   128.48;   198.57   170.72   185.58;];
EW(210, :, :) = [   188.47   150.12   156.72;   152.23   127.45   132.91;   205.82   176.77   194.11;];
EW(211, :, :) = [   191.46   151.35   162.01;   155.13   127.69   138.51;   213.45   183.20   203.16;];
EW(212, :, :) = [   194.60   153.43   168.44;   159.12   129.52   144.95;   221.45   189.92   212.70;];
EW(213, :, :) = [   198.01   156.37   175.75;   163.92   132.54   152.00;   229.72   196.82   222.64;];
EW(214, :, :) = [   201.83   159.99   183.58;   169.24   136.34   159.38;   238.10   203.74   232.76;];
EW(215, :, :) = [   206.13   163.99   191.53;   174.80   140.59   166.80;   246.38   210.50   242.79;];
EW(216, :, :) = [   210.80   168.06   199.23;   180.33   145.02   173.91;   254.29   216.89   252.34;];
EW(217, :, :) = [   215.58   171.91   206.30;   185.57   149.34   180.39;   261.58   222.64   261.01;];
EW(218, :, :) = [   220.15   175.24   212.36;   190.28   153.24   185.88;   267.95   227.48   268.39;];
EW(219, :, :) = [   224.21   177.79   217.08;   194.24   156.43   190.07;   273.17   231.12   274.10;];
EW(220, :, :) = [   227.57   179.36   220.17;   197.28   158.61   192.72;   277.00   233.32   277.82;];
EW(221, :, :) = [   230.14   179.80   221.44;   199.28   159.59   193.63;   279.30   233.88   279.29;];
EW(222, :, :) = [   232.01   179.12   220.79;   200.16   159.29   192.70;   279.98   232.73   278.39;];
EW(223, :, :) = [   233.48   177.54   218.25;   199.93   157.76   189.94;   279.03   229.91   275.09;];
EW(224, :, :) = [   235.16   175.72   213.98;   198.64   155.16   185.45;   276.53   225.56   269.50;];
EW(225, :, :) = [   237.61   175.03   208.42;   196.42   151.73   179.41;   272.64   219.90   261.84;];
EW(226, :, :) = [   240.80   176.32   203.07;   193.48   147.70   172.11;   267.58   213.20   252.44;];
EW(227, :, :) = [   244.34   178.74   201.55;   190.18   143.40   163.93;   261.59   205.74   241.75;];
EW(228, :, :) = [   248.01   181.50   203.39;   187.32   139.60   155.45;   254.95   197.80   230.30;];
EW(229, :, :) = [   251.72   184.37   205.98;   186.36   137.82   148.02;   247.95   189.63   218.78;];
EW(230, :, :) = [   255.47   187.30   208.76;   187.78   138.64   144.46;   240.87   181.49   207.88;];
EW(231, :, :) = [   259.25   190.28   211.67;   190.38   140.76   144.68;   234.10   173.68   198.22;];
EW(232, :, :) = [   263.05   193.29   214.67;   193.32   143.26   146.14;   228.69   166.89   191.26;];
EW(233, :, :) = [   266.88   196.35   217.76;   196.36   145.87   147.92;   226.18   162.25   188.67;];
EW(234, :, :) = [   270.73   199.44   220.92;   199.44   148.52   149.85;   226.26   159.85   189.02;];
EW(235, :, :) = [   274.60   202.56   224.14;   202.56   151.21   151.90;   227.74   159.01   190.67;];
EW(236, :, :) = [   278.48   205.71   227.41;   205.71   153.92   154.05;   229.95   159.18   192.90;];
EW(237, :, :) = [   282.38   208.88   230.73;   208.88   156.66   156.27;   232.57   160.04   195.46;];
EW(238, :, :) = [   286.28   212.07   234.07;   212.07   159.41   158.55;   235.45   161.36   198.21;];
EW(239, :, :) = [   290.20   215.27   237.45;   215.27   162.18   160.88;   238.49   163.00   201.08;];
EW(240, :, :) = [   294.12   218.49   240.84;   218.49   164.96   163.26;   241.65   164.88   204.03;];
EW(241, :, :) = [   298.04   221.71   244.25;   221.71   167.75   165.67;   244.88   166.92   207.04;];
EW(242, :, :) = [   301.96   224.95   247.67;   224.95   170.55   168.11;   248.17   169.09   210.08;];
EW(243, :, :) = [   305.87   228.18   251.10;   228.18   173.35   170.57;   251.49   171.34   213.15;];
EW(244, :, :) = [   309.78   231.42   254.53;   231.42   176.15   173.05;   254.84   173.66   216.24;];
EW(245, :, :) = [   313.67   234.65   257.96;   234.65   178.95   175.54;   258.21   176.02   219.33;];
EW(246, :, :) = [   317.56   237.88   261.38;   237.88   181.74   178.03;   261.58   178.42   222.42;];
EW(247, :, :) = [   321.42   241.10   264.79;   241.10   184.52   180.53;   264.96   180.84   225.51;];
EW(248, :, :) = [   325.27   244.30   268.19;   244.30   187.30   183.03;   268.32   183.28   228.59;];
EW(249, :, :) = [   329.10   247.49   271.57;   247.49   190.06   185.52;   271.68   185.73   231.66;];
EW(250, :, :) = [   332.89   250.66   274.93;   250.66   192.80   188.00;   275.02   188.17   234.71;];
EW(251, :, :) = [   336.66   253.81   278.27;   253.81   195.52   190.48;   278.35   190.61   237.75;];
EW(252, :, :) = [   340.39   256.93   281.58;   256.93   198.23   192.93;   281.64   193.05   240.76;];
EW(253, :, :) = [   344.09   260.02   284.86;   260.02   200.91   195.37;   284.91   195.47   243.74;];
EW(254, :, :) = [   347.71   263.06   288.08;   263.06   203.53   197.77;   288.12   197.85   246.66;];
EW(255, :, :) = [   351.29   266.06   291.27;   266.06   206.13   200.15;   291.30   200.21   249.56;];
EW(256, :, :) = [   354.84   269.03   294.42;   269.03   208.70   202.50;   294.45   202.55   252.42;];
EW(257, :, :) = [   358.33   271.96   297.53;   271.96   211.24   204.82;   297.55   204.87   255.25;];
EW(258, :, :) = [   361.78   274.85   300.59;   274.85   213.75   207.11;   300.61   207.15   258.04;];
EW(259, :, :) = [   365.16   277.69   303.60;   277.69   216.21   209.37;   303.62   209.40   260.78;];
EW(260, :, :) = [   368.48   280.48   306.56;   280.48   218.62   211.58;   306.57   211.61   263.47;];
EW(261, :, :) = [   371.74   283.20   309.45;   283.20   220.99   213.76;   309.46   213.78   266.10;];
EW(262, :, :) = [   374.92   285.87   312.28;   285.87   223.31   215.88;   312.29   215.90   268.68;];
EW(263, :, :) = [   378.02   288.47   315.04;   288.47   225.57   217.95;   315.05   217.97   271.19;];
EW(264, :, :) = [   381.03   291.00   317.72;   291.00   227.76   219.97;   317.73   219.98   273.64;];
EW(265, :, :) = [   383.96   293.45   320.33;   293.45   229.90   221.93;   320.33   221.94   276.01;];
EW(266, :, :) = [   386.79   295.83   322.85;   295.83   231.96   223.82;   322.85   223.83   278.31;];
EW(267, :, :) = [   389.53   298.12   325.28;   298.12   233.96   225.65;   325.29   225.66   280.53;];
EW(268, :, :) = [   392.16   300.32   327.63;   300.32   235.88   227.41;   327.63   227.42   282.66;];
EW(269, :, :) = [   394.68   302.44   329.87;   302.44   237.72   229.10;   329.88   229.11   284.71;];
EW(270, :, :) = [   397.10   304.45   332.02;   304.45   239.48   230.72;   332.02   230.72   286.66;];
EW(271, :, :) = [   399.39   306.37   334.06;   306.37   241.15   232.25;   334.06   232.26   288.53;];
EW(272, :, :) = [   401.56   308.19   336.00;   308.19   242.74   233.71;   336.00   233.71   290.29;];
EW(273, :, :) = [   403.61   309.90   337.82;   309.90   244.24   235.08;   337.82   235.08   291.95;];
EW(274, :, :) = [   405.53   311.50   339.53;   311.50   245.63   236.36;   339.53   236.36   293.51;];
EW(275, :, :) = [   407.31   312.99   341.11;   312.99   246.94   237.55;   341.11   237.55   294.95;];
EW(276, :, :) = [   408.95   314.36   342.57;   314.36   248.13   238.64;   342.57   238.64   296.28;];
EW(277, :, :) = [   410.44   315.60   343.90;   315.60   249.22   239.64;   343.90   239.64   297.49;];
EW(278, :, :) = [   411.77   316.71   345.09;   316.71   250.19   240.52;   345.09   240.52   298.57;];
EW(279, :, :) = [   412.93   317.68   346.13;   317.68   251.04   241.30;   346.13   241.30   299.51;];
EW(280, :, :) = [   413.89   318.48   347.00;   318.48   251.74    63.32;   347.00    63.36   300.30;];
EW(281, :, :) = [   414.62   319.05   347.66;   319.05   252.27    49.65;   347.67    49.68   300.89;];
EW(282, :, :) = [   415.05   319.22   348.07;   319.22   252.55     0.82;   348.08     0.84   301.23;];
EW(283, :, :) = [   415.05   318.26   348.11;   318.26   252.12      nan;   348.11      nan   301.23;];
EW(284, :, :) = [   414.34      nan   347.45;      nan      nan      nan;   347.45      nan   300.64;];
EW(285, :, :) = [   412.28      nan   345.06;      nan      nan      nan;   345.06      nan   298.71;];
EW(286, :, :) = [   407.22      nan      nan;      nan      nan      nan;      nan      nan      nan;];
EW(287, :, :) = [   393.74      nan      nan;      nan      nan      nan;      nan      nan      nan;];
EW(288, :, :) = [   345.00      nan      nan;      nan      nan      nan;      nan      nan      nan;];
