EW = zeros(288, 3, 3);
EW(  0, :, :) = [   265.256   -99.000   -99.000;   -99.000   -99.000   -99.000;   -99.000   -99.000   -99.000;];
EW(  1, :, :) = [   268.084   -99.000   -99.000;   -99.000   -99.000   -99.000;   -99.000   -99.000   -99.000;];
EW(  2, :, :) = [   270.789   -99.000   -99.000;   -99.000   -99.000   -99.000;   -99.000   -99.000   -99.000;];
EW(  3, :, :) = [   273.366   -99.000   -99.000;   -99.000   -99.000   -99.000;   -99.000   -99.000   -99.000;];
EW(  4, :, :) = [   275.810   -99.000   -99.000;   -99.000   -99.000   -99.000;   -99.000   -99.000   -99.000;];
EW(  5, :, :) = [   278.118   -99.000   -99.000;   -99.000   -99.000   -99.000;   -99.000   -99.000   -99.000;];
EW(  6, :, :) = [   280.290   -99.000   -99.000;   -99.000   -99.000   -99.000;   -99.000   -99.000   -99.000;];
EW(  7, :, :) = [   282.328   -99.000   -99.000;   -99.000   -99.000   -99.000;   -99.000   -99.000   -99.000;];
EW(  8, :, :) = [   284.236   -99.000   -99.000;   -99.000   -99.000   -99.000;   -99.000   -99.000   -99.000;];
EW(  9, :, :) = [   286.024   -99.000   -99.000;   -99.000   -99.000   -99.000;   -99.000   -99.000   -99.000;];
EW( 10, :, :) = [   287.704   -99.000   -99.000;   -99.000   -99.000   -99.000;   -99.000   -99.000   -99.000;];
EW( 11, :, :) = [   289.291   -99.000   -99.000;   -99.000   -99.000   -99.000;   -99.000   -99.000   -99.000;];
EW( 12, :, :) = [   290.798   -99.000   -99.000;   -99.000   -99.000   -99.000;   -99.000   -99.000   -99.000;];
EW( 13, :, :) = [   292.234   -99.000   -99.000;   -99.000   -99.000   -99.000;   -99.000   -99.000   -99.000;];
EW( 14, :, :) = [   293.595   -99.000   -99.000;   -99.000   -99.000   -99.000;   -99.000   -99.000   -99.000;];
EW( 15, :, :) = [   294.869   -99.000   -99.000;   -99.000   -99.000   -99.000;   -99.000   -99.000   -99.000;];
EW( 16, :, :) = [   296.027   -99.000   -99.000;   -99.000   -99.000   -99.000;   -99.000   -99.000   -99.000;];
EW( 17, :, :) = [   297.043   -99.000   -99.000;   -99.000   -99.000   -99.000;   -99.000   -99.000   -99.000;];
EW( 18, :, :) = [   297.062   -99.000   -99.000;   -99.000   -99.000   -99.000;   -99.000   -99.000   -99.000;];
EW( 19, :, :) = [   296.180   -99.000   -99.000;   -99.000   -99.000   -99.000;   -99.000   -99.000   -99.000;];
EW( 20, :, :) = [   295.090   -99.000   -99.000;   -99.000   -99.000   -99.000;   -99.000   -99.000   -99.000;];
EW( 21, :, :) = [   293.795   -99.000   -99.000;   -99.000   -99.000   -99.000;   -99.000   -99.000   -99.000;];
EW( 22, :, :) = [   292.299   -99.000   -99.000;   -99.000   -99.000   -99.000;   -99.000   -99.000   -99.000;];
EW( 23, :, :) = [   290.610   -99.000   -99.000;   -99.000   -99.000   -99.000;   -99.000   -99.000   -99.000;];
EW( 24, :, :) = [   288.733   -99.000   -99.000;   -99.000   -99.000   -99.000;   -99.000   -99.000   -99.000;];
EW( 25, :, :) = [   286.675   -99.000   -99.000;   -99.000   -99.000   -99.000;   -99.000   -99.000   -99.000;];
EW( 26, :, :) = [   284.445   -99.000   -99.000;   -99.000   -99.000   -99.000;   -99.000   -99.000   -99.000;];
EW( 27, :, :) = [   282.050   -99.000   -99.000;   -99.000   -99.000   -99.000;   -99.000   -99.000   -99.000;];
EW( 28, :, :) = [   279.501   -99.000   -99.000;   -99.000   -99.000   -99.000;   -99.000   -99.000   -99.000;];
EW( 29, :, :) = [   276.806   -99.000   -99.000;   -99.000   -99.000   -99.000;   -99.000   -99.000   -99.000;];
EW( 30, :, :) = [   273.975   -99.000   -99.000;   -99.000   -99.000   -99.000;   -99.000   -99.000   -99.000;];
EW( 31, :, :) = [   271.019   -99.000   -99.000;   -99.000   -99.000   -99.000;   -99.000   -99.000   -99.000;];
EW( 32, :, :) = [   267.947   -99.000   -99.000;   -99.000   -99.000   -99.000;   -99.000   -99.000   -99.000;];
EW( 33, :, :) = [   264.770   -99.000   -99.000;   -99.000   -99.000   -99.000;   -99.000   -99.000   -99.000;];
EW( 34, :, :) = [   261.498   -99.000   -99.000;   -99.000   -99.000   -99.000;   -99.000   -99.000   -99.000;];
EW( 35, :, :) = [   258.142   -99.000   -99.000;   -99.000   -99.000   -99.000;   -99.000   -99.000   -99.000;];
EW( 36, :, :) = [   254.712   173.771   -99.000;   173.771   227.729   -99.000;   -99.000   -99.000   -99.000;];
EW( 37, :, :) = [   251.219   171.165   -99.000;   171.165   226.694   -99.000;   -99.000   -99.000   -99.000;];
EW( 38, :, :) = [   247.672   168.507   -99.000;   168.507   226.234   -99.000;   -99.000   -99.000   -99.000;];
EW( 39, :, :) = [   244.081   165.808   -99.000;   165.808   226.091   -99.000;   -99.000   -99.000   -99.000;];
EW( 40, :, :) = [   240.456   163.074   -99.000;   163.074   226.169   -99.000;   -99.000   -99.000   -99.000;];
EW( 41, :, :) = [   236.806   160.316   -99.000;   160.316   226.417   -99.000;   -99.000   -99.000   -99.000;];
EW( 42, :, :) = [   233.139   157.543   -99.000;   157.543   226.808   -99.000;   -99.000   -99.000   -99.000;];
EW( 43, :, :) = [   229.465   154.765   -99.000;   154.765   227.318   -99.000;   -99.000   -99.000   -99.000;];
EW( 44, :, :) = [   225.791   151.993   -99.000;   151.993   227.936   -99.000;   -99.000   -99.000   -99.000;];
EW( 45, :, :) = [   222.124   149.238   -99.000;   149.238   228.659   -99.000;   -99.000   -99.000   -99.000;];
EW( 46, :, :) = [   218.473   146.514   -99.000;   146.514   229.475   -99.000;   -99.000   -99.000   -99.000;];
EW( 47, :, :) = [   214.845   143.840   -99.000;   143.840   230.377   -99.000;   -99.000   -99.000   -99.000;];
EW( 48, :, :) = [   211.245   143.405   -99.000;   143.405   231.363   -99.000;   -99.000   -99.000   -99.000;];
EW( 49, :, :) = [   207.681   144.472   -99.000;   144.472   232.430   -99.000;   -99.000   -99.000   -99.000;];
EW( 50, :, :) = [   204.159   145.618   -99.000;   145.618   233.576   -99.000;   -99.000   -99.000   -99.000;];
EW( 51, :, :) = [   200.683   146.836   -99.000;   146.836   234.794   -99.000;   -99.000   -99.000   -99.000;];
EW( 52, :, :) = [   197.260   148.119   -99.000;   148.119   236.077   -99.000;   -99.000   -99.000   -99.000;];
EW( 53, :, :) = [   193.895   149.469   -99.000;   149.469   237.427   -99.000;   -99.000   -99.000   -99.000;];
EW( 54, :, :) = [   190.592   150.888   -99.000;   150.888   238.846   -99.000;   -99.000   -99.000   -99.000;];
EW( 55, :, :) = [   187.358   152.367   -99.000;   152.367   240.326   -99.000;   -99.000   -99.000   -99.000;];
EW( 56, :, :) = [   184.196   153.905   -99.000;   153.905   241.864   -99.000;   -99.000   -99.000   -99.000;];
EW( 57, :, :) = [   181.111   155.503   -99.000;   155.503   243.461   -99.000;   -99.000   -99.000   -99.000;];
EW( 58, :, :) = [   178.108   157.164   -99.000;   157.164   245.122   -99.000;   -99.000   -99.000   -99.000;];
EW( 59, :, :) = [   175.192   158.888   -99.000;   158.888   246.847   -99.000;   -99.000   -99.000   -99.000;];
EW( 60, :, :) = [   172.367   160.689   -99.000;   160.689   248.648   -99.000;   -99.000   -99.000   -99.000;];
EW( 61, :, :) = [   169.640   162.569   -99.000;   162.569   250.528   -99.000;   -99.000   -99.000   -99.000;];
EW( 62, :, :) = [   167.014   164.539   -99.000;   164.539   252.498   -99.000;   -99.000   -99.000   -99.000;];
EW( 63, :, :) = [   164.496   166.600   -99.000;   166.600   254.559   -99.000;   -99.000   -99.000   -99.000;];
EW( 64, :, :) = [   162.092   168.752   -99.000;   168.752   256.711   -99.000;   -99.000   -99.000   -99.000;];
EW( 65, :, :) = [   159.809   170.978   -99.000;   170.978   258.937   -99.000;   -99.000   -99.000   -99.000;];
EW( 66, :, :) = [   157.654   173.252   -99.000;   173.252   261.211   -99.000;   -99.000   -99.000   -99.000;];
EW( 67, :, :) = [   155.636   175.517   -99.000;   175.517   263.476   -99.000;   -99.000   -99.000   -99.000;];
EW( 68, :, :) = [   153.763   177.678   -99.000;   177.678   265.637   -99.000;   -99.000   -99.000   -99.000;];
EW( 69, :, :) = [   152.046   179.559   -99.000;   179.559   267.518   -99.000;   -99.000   -99.000   -99.000;];
EW( 70, :, :) = [   150.491   180.808   -99.000;   180.808   268.768   -99.000;   -99.000   -99.000   -99.000;];
EW( 71, :, :) = [   149.101   181.012   -99.000;   181.012   268.971   -99.000;   -99.000   -99.000   -99.000;];
EW( 72, :, :) = [   146.996   180.868   -99.000;   180.868   268.827   -99.000;   -99.000   -99.000   -99.000;];
EW( 73, :, :) = [   144.117   180.694   -99.000;   180.694   268.653   -99.000;   -99.000   -99.000   -99.000;];
EW( 74, :, :) = [   141.300   180.510   -99.000;   180.510   268.469   -99.000;   -99.000   -99.000   -99.000;];
EW( 75, :, :) = [   138.546   180.308   -99.000;   180.308   268.267   -99.000;   -99.000   -99.000   -99.000;];
EW( 76, :, :) = [   135.854   180.084   -99.000;   180.084   268.043   -99.000;   -99.000   -99.000   -99.000;];
EW( 77, :, :) = [   133.224   179.833   -99.000;   179.833   267.792   -99.000;   -99.000   -99.000   -99.000;];
EW( 78, :, :) = [   130.653   179.554   -99.000;   179.554   267.513   -99.000;   -99.000   -99.000   -99.000;];
EW( 79, :, :) = [   128.143   179.248   -99.000;   179.248   267.207   -99.000;   -99.000   -99.000   -99.000;];
EW( 80, :, :) = [   125.690   178.916   -99.000;   178.916   266.875   -99.000;   -99.000   -99.000   -99.000;];
EW( 81, :, :) = [   123.296   178.558   -99.000;   178.558   266.517   -99.000;   -99.000   -99.000   -99.000;];
EW( 82, :, :) = [   120.959   178.174   -99.000;   178.174   266.133   -99.000;   -99.000   -99.000   -99.000;];
EW( 83, :, :) = [   118.677   177.759   -99.000;   177.759   265.717   -99.000;   -99.000   -99.000   -99.000;];
EW( 84, :, :) = [   116.450   177.307   -99.000;   177.307   265.265   -99.000;   -99.000   -99.000   -99.000;];
EW( 85, :, :) = [   114.276   176.812   -99.000;   176.812   264.770   -99.000;   -99.000   -99.000   -99.000;];
EW( 86, :, :) = [   112.155   176.266   -99.000;   176.266   264.224   -99.000;   -99.000   -99.000   -99.000;];
EW( 87, :, :) = [   110.086   175.664   -99.000;   175.664   263.621   -99.000;   -99.000   -99.000   -99.000;];
EW( 88, :, :) = [   108.066   175.000   -99.000;   175.000   262.957   -99.000;   -99.000   -99.000   -99.000;];
EW( 89, :, :) = [   106.096   174.269   -99.000;   174.269   262.226   -99.000;   -99.000   -99.000   -99.000;];
EW( 90, :, :) = [   104.174   173.480   -99.000;   173.480   261.436   -99.000;   -99.000   -99.000   -99.000;];
EW( 91, :, :) = [   102.299   172.695   -99.000;   172.695   260.650   -99.000;   -99.000   -99.000   -99.000;];
EW( 92, :, :) = [   100.470   172.062   -99.000;   172.062   260.016   -99.000;   -99.000   -99.000   -99.000;];
EW( 93, :, :) = [    98.688   171.718   -99.000;   171.718   259.671   -99.000;   -99.000   -99.000   -99.000;];
EW( 94, :, :) = [    96.962   171.688   -99.000;   171.688   259.640   -99.000;   -99.000   -99.000   -99.000;];
EW( 95, :, :) = [    95.351   171.936   -99.000;   171.936   259.886   -99.000;   -99.000   -99.000   -99.000;];
EW( 96, :, :) = [    94.081   172.414   -99.000;   172.414   260.356   -99.000;   -99.000   -99.000   -99.000;];
EW( 97, :, :) = [    93.421   173.088   -99.000;   173.088   260.984   -99.000;   -99.000   -99.000   -99.000;];
EW( 98, :, :) = [    93.284   173.925   -99.000;   173.925   261.785   -99.000;   -99.000   -99.000   -99.000;];
EW( 99, :, :) = [    93.476   174.904   -99.000;   174.904   262.765   -99.000;   -99.000   -99.000   -99.000;];
EW(100, :, :) = [    93.866   176.010   -99.000;   176.010   263.881   -99.000;   -99.000   -99.000   -99.000;];
EW(101, :, :) = [    94.387   177.229   -99.000;   177.229   265.112   -99.000;   -99.000   -99.000   -99.000;];
EW(102, :, :) = [    95.004   178.551   -99.000;   178.551   266.444   -99.000;   -99.000   -99.000   -99.000;];
EW(103, :, :) = [    95.698   179.969   -99.000;   179.969   267.870   -99.000;   -99.000   -99.000   -99.000;];
EW(104, :, :) = [    96.455   181.475   -99.000;   181.475   269.382   -99.000;   -99.000   -99.000   -99.000;];
EW(105, :, :) = [    97.271   183.072   -99.000;   183.072   270.983   -99.000;   -99.000   -99.000   -99.000;];
EW(106, :, :) = [    98.135   184.744   -99.000;   184.744   272.657   -99.000;   -99.000   -99.000   -99.000;];
EW(107, :, :) = [    99.050   186.502   -99.000;   186.502   274.416   -99.000;   -99.000   -99.000   -99.000;];
EW(108, :, :) = [   100.006   188.331   -99.000;   188.331   276.244   -99.000;   -99.000   -99.000   -99.000;];
EW(109, :, :) = [   101.007   190.237   -99.000;   190.237   278.148   -99.000;   -99.000   -99.000   -99.000;];
EW(110, :, :) = [   102.051   192.223   -99.000;   192.223   280.130   -99.000;   -99.000   -99.000   -99.000;];
EW(111, :, :) = [   103.131   194.273   -99.000;   194.273   282.175   -99.000;   -99.000   -99.000   -99.000;];
EW(112, :, :) = [   104.250   196.397   -99.000;   196.397   284.293   -99.000;   -99.000   -99.000   -99.000;];
EW(113, :, :) = [   105.410   198.596   -99.000;   198.596   286.484   -99.000;   -99.000   -99.000   -99.000;];
EW(114, :, :) = [   106.604   200.858   -99.000;   200.858   288.737   -99.000;   -99.000   -99.000   -99.000;];
EW(115, :, :) = [   107.833   203.188   -99.000;   203.188   291.054   -99.000;   -99.000   -99.000   -99.000;];
EW(116, :, :) = [   109.090   205.590   -99.000;   205.590   293.424   -99.000;   -99.000   -99.000   -99.000;];
EW(117, :, :) = [   110.275   208.050   -99.000;   208.050   295.657   -99.000;   -99.000   -99.000   -99.000;];
EW(118, :, :) = [   110.530   210.576   -99.000;   210.576   296.137   -99.000;   -99.000   -99.000   -99.000;];
EW(119, :, :) = [   112.948   213.166   -99.000;   213.166   300.691   -99.000;   -99.000   -99.000   -99.000;];
EW(120, :, :) = [   127.133   238.282   149.758;   238.282   272.248   313.861;   149.758   313.861   211.567;];
EW(121, :, :) = [   127.125   239.040   150.005;   239.040   233.829   314.035;   150.005   314.035   211.556;];
EW(122, :, :) = [   127.663   240.705   150.885;   240.705   237.329   315.423;   150.885   315.423   212.294;];
EW(123, :, :) = [   123.089   242.919   152.142;   242.919   242.363   317.536;   152.142   317.536   206.003;];
EW(124, :, :) = [   136.516   235.675   153.665;   235.675   332.339   306.645;   153.665   306.645   224.437;];
EW(125, :, :) = [   138.170   239.015   155.382;   239.015   325.439   310.243;   155.382   310.243   226.708;];
EW(126, :, :) = [   139.965   242.282   157.240;   242.282   303.666   313.711;   157.240   313.711   229.170;];
EW(127, :, :) = [   141.859   247.184   159.202;   247.184   285.848   319.391;   159.202   319.391   231.768;];
EW(128, :, :) = [   143.812   252.543   161.238;   252.547   289.426   325.671;   161.238   325.666   234.448;];
EW(129, :, :) = [   145.836   255.766   163.326;   255.770   295.546   328.985;   163.326   328.979   237.223;];
EW(130, :, :) = [   147.888   259.543   165.451;   259.555   301.995   333.038;   165.451   333.021   240.038;];
EW(131, :, :) = [   149.982   261.176   167.599;   261.176   308.624   334.091;   167.599   334.091   242.911;];
EW(132, :, :) = [   152.071   264.835   169.762;   264.836   315.393   337.908;   169.762   337.908   245.777;];
EW(133, :, :) = [   154.162   268.706   171.929;   268.708   322.275   341.987;   171.929   341.985   248.645;];
EW(134, :, :) = [   156.180   273.591   174.092;   276.995   329.311   352.091;   174.173   347.421   251.412;];
EW(135, :, :) = [   149.173   282.797   176.242;   282.797   336.291   358.756;   176.242   358.756   241.802;];
EW(136, :, :) = [   174.430   286.686   178.373;   286.686   416.388   321.323;   178.373   321.343   251.255;];
EW(137, :, :) = [   182.350   271.574   181.584;   271.574   431.291   332.981;   181.584   332.981   261.466;];
EW(138, :, :) = [   183.430   274.424   183.388;   274.424   433.323   336.031;   183.388   336.031   263.825;];
EW(139, :, :) = [   185.924   278.711   185.690;   278.711   438.017   339.942;   185.690   339.942   266.863;];
EW(140, :, :) = [   192.921   287.526   193.572;   287.522   451.183   349.582;   193.572   351.186   277.554;];
EW(141, :, :) = [   188.354   284.798   189.329;   284.798   442.590   346.754;   189.329   346.754   271.608;];
EW(142, :, :) = [   190.731   289.030   191.140;   289.030   447.062   351.895;   191.140   351.895   273.964;];
EW(143, :, :) = [   192.451   292.602   193.099;   292.602   450.298   354.933;   193.099   354.933   276.518;];
EW(144, :, :) = [   197.530   299.531   194.776;   299.531   459.855   361.154;   194.776   361.154   278.683;];
EW(145, :, :) = [   199.089   302.946   196.348;   302.946   462.789   364.693;   196.348   364.693   280.700;];
EW(146, :, :) = [   199.957   305.657   197.773;   305.657   464.423   366.708;   197.773   366.708   282.512;];
EW(147, :, :) = [   200.134   307.655   199.239;   307.655   464.755   364.521;   199.239   364.521   284.376;];
EW(148, :, :) = [   196.416   323.797   199.342;   323.797   457.758   360.559;   199.342   360.559   276.876;];
EW(149, :, :) = [   191.022   325.212   200.314;   325.212   447.609   356.212;   200.314   356.212   272.340;];
EW(150, :, :) = [   188.699   326.525   201.223;   326.525   443.239   353.462;   201.223   353.462   268.905;];
EW(151, :, :) = [   190.960   327.685   202.033;   327.685   447.493   356.870;   202.033   356.870   271.566;];
EW(152, :, :) = [   193.946   328.546   202.647;   328.546   453.112   361.263;   202.647   361.263   275.254;];
EW(153, :, :) = [   196.929   329.609   203.395;   329.609   458.724   365.729;   203.395   365.729   278.170;];
EW(154, :, :) = [   201.581   320.597   204.296;   320.597   467.478   370.271;   204.296   370.662   290.164;];
EW(155, :, :) = [   194.429   314.579   212.868;   314.621   453.576   370.827;   212.868   369.460   301.743;];
EW(156, :, :) = [   203.926   325.524   204.998;   325.524   471.891   377.010;   204.998   377.010   290.736;];
EW(157, :, :) = [   205.832   328.555   204.158;   328.555   475.478   379.307;   204.158   379.307   288.951;];
EW(158, :, :) = [   214.857   338.581   213.655;   338.581   492.459   392.756;   213.655   392.732   302.221;];
EW(159, :, :) = [   214.306   338.900   213.322;   338.900   491.422   392.727;   213.322   392.751   301.540;];
EW(160, :, :) = [   229.934   355.260   227.511;   355.260   520.829   412.584;   227.511   412.561   320.835;];
EW(161, :, :) = [   227.595   353.508   225.565;   353.508   516.428   410.201;   225.565   410.177   317.947;];
EW(162, :, :) = [   217.983   344.334   217.705;   344.334   498.341   398.749;   217.705   398.774   306.925;];
EW(163, :, :) = [   225.298   351.932   223.557;   351.932   512.106   408.067;   223.557   408.043   314.737;];
EW(164, :, :) = [   218.202   344.963   216.833;   344.963   498.753   398.335;   216.833   398.335   305.197;];
EW(165, :, :) = [   217.246   343.977   216.171;   343.977   496.954   397.230;   216.171   397.230   304.040;];
EW(166, :, :) = [   217.484   344.027   216.548;   344.027   497.401   397.480;   216.548   397.480   304.334;];
EW(167, :, :) = [   217.056   343.255   216.111;   343.255   496.596   396.799;   216.111   396.799   303.479;];
EW(168, :, :) = [   189.969   315.674   195.154;   315.674   445.628   360.383;   195.154   360.383   269.844;];
EW(169, :, :) = [   187.822   312.883   193.390;   312.883   441.587   357.165;   193.390   357.165   267.161;];
EW(170, :, :) = [   185.482   309.758   191.410;   309.758   437.186   353.664;   191.410   353.664   264.244;];
EW(171, :, :) = [   183.037   306.392   189.244;   306.392   432.584   350.460;   189.244   350.460   259.091;];
EW(172, :, :) = [   182.375   304.682   188.207;   304.682   431.339   349.391;   188.207   349.391   258.731;];
EW(173, :, :) = [   178.783   299.921   185.152;   299.921   424.579   343.983;   185.152   343.983   254.012;];
EW(174, :, :) = [   176.739   296.599   183.063;   296.593   420.732   339.171;   183.060   340.853   251.691;];
EW(175, :, :) = [   206.571   325.042   207.803;   325.042   476.867   378.072;   207.803   378.072   289.831;];
EW(176, :, :) = [   205.896   322.895   207.435;   322.895   475.596   376.192;   207.435   376.192   289.001;];
EW(177, :, :) = [   202.033   317.480   204.206;   317.480   468.328   370.380;   204.206   370.380   284.236;];
EW(178, :, :) = [   199.086   312.910   201.809;   312.910   462.784   365.642;   201.809   365.642   280.604;];
EW(179, :, :) = [   195.768   307.906   199.106;   307.906   456.539   359.895;   199.106   359.895   276.541;];
EW(180, :, :) = [   192.539   302.943   196.437;   302.943   450.464   354.828;   196.437   354.828   272.516;];
EW(181, :, :) = [   191.558   300.188   196.666;   300.188   448.618   353.625;   196.666   353.625   272.457;];
EW(182, :, :) = [   178.486   285.309   184.262;   285.309   424.020   335.177;   184.262   335.177   255.059;];
EW(183, :, :) = [   172.006   277.304   177.299;   277.021   411.828   327.271;   177.328   330.618   245.105;];
EW(184, :, :) = [   174.291   277.430   181.403;   277.430   416.127   326.873;   181.403   326.873   250.344;];
EW(185, :, :) = [   172.323   273.606   179.409;   273.606   412.424   323.315;   179.409   323.315   247.196;];
EW(186, :, :) = [   154.110   264.001   168.821;   273.202   378.153   304.639;   169.879   318.573   232.248;];
EW(187, :, :) = [   164.259   267.220   173.016;   267.353   397.250   324.646;   172.861   324.463   231.899;];
EW(188, :, :) = [   156.042   251.784   170.321;   251.784   381.789   299.435;   170.321   299.435   233.439;];
EW(189, :, :) = [   147.364   247.077   171.184;   251.201   365.415   305.402;   171.183   299.780   234.173;];
EW(190, :, :) = [   155.597   256.173   172.100;   248.915   380.951   303.293;   172.139   313.721   234.973;];
EW(191, :, :) = [   156.056   249.713   173.065;   249.713   381.814   306.253;   173.065   306.253   235.829;];
EW(192, :, :) = [   153.196   246.861   174.072;   242.482   376.432   296.926;   174.072   303.806   236.737;];
EW(193, :, :) = [   146.171   243.932   175.108;   243.932   353.495   301.199;   175.108   301.199   237.675;];
EW(194, :, :) = [   146.871   238.181   176.172;   241.087   346.775   298.677;   176.172   294.691   238.644;];
EW(195, :, :) = [   147.590   238.391   177.253;   238.391   340.245   296.331;   177.253   296.331   239.630;];
EW(196, :, :) = [   202.557   226.842   232.587;   226.842   333.933   281.815;   232.587   281.815   315.030;];
EW(197, :, :) = [   203.170   224.213   233.571;   224.213   327.850   279.507;   233.571   279.507   315.871;];
EW(198, :, :) = [   149.790   221.666   180.565;   221.666   322.016   277.282;   180.565   277.282   242.648;];
EW(199, :, :) = [   150.519   219.180   181.671;   219.180   316.442   275.109;   181.671   275.109   243.647;];
EW(200, :, :) = [   151.240   216.764   182.771;   216.764   311.147   273.002;   182.771   273.002   244.636;];
EW(201, :, :) = [   151.945   214.413   183.858;   214.413   306.144   270.951;   183.858   270.951   245.604;];
EW(202, :, :) = [   152.632   212.121   184.925;   212.121   301.447   268.952;   184.925   268.952   246.546;];
EW(203, :, :) = [   153.298   209.888   185.971;   209.888   297.063   267.000;   185.971   267.000   247.460;];
EW(204, :, :) = [   167.859   199.214   200.911;   199.214   292.991   253.438;   200.911   253.438   267.434;];
EW(205, :, :) = [   168.495   197.087   201.921;   197.087   289.229   251.569;   201.921   251.569   268.305;];
EW(206, :, :) = [   169.105   195.000   202.903;   195.000   285.775   249.725;   202.903   249.725   269.143;];
EW(207, :, :) = [   169.680   192.960   203.843;   192.960   282.645   247.914;   203.843   247.914   269.931;];
EW(208, :, :) = [   170.218   190.953   204.741;   190.953   279.828   246.119;   204.741   246.119   270.670;];
EW(209, :, :) = [   170.726   188.968   205.599;   188.968   277.286   244.324;   205.599   244.324   271.366;];
EW(210, :, :) = [   171.190   187.486   206.405;   187.299   274.978   242.933;   206.405   243.039   272.003;];
EW(211, :, :) = [   171.617   192.349   207.161;   192.349   272.837   250.733;   207.161   250.733   272.588;];
EW(212, :, :) = [   172.002   220.264   207.863;   219.744   270.813   213.499;   207.863   212.807   273.117;];
EW(213, :, :) = [   172.343   189.752   208.508;   189.752   268.860   248.832;   208.508   248.832   273.585;];
EW(214, :, :) = [   170.505   193.800   206.956;   194.031   266.959   255.492;   206.956   255.176   271.063;];
EW(215, :, :) = [   170.350   222.211   207.072;   222.211   265.097   294.913;   207.072   294.913   270.851;];
EW(216, :, :) = [   170.200   216.568   207.172;   216.568   263.268   287.914;   207.172   287.914   270.645;];
EW(217, :, :) = [   170.053   243.943   207.256;   243.943   261.473   326.183;   207.256   326.183   270.443;];
EW(218, :, :) = [   153.875   249.220   195.758;   249.220   241.176   334.115;   195.758   334.115   248.251;];
EW(219, :, :) = [   168.354   230.902   205.953;   230.902   258.003   309.660;   205.953   309.660   268.113;];
EW(220, :, :) = [   168.220   215.678   205.981;   215.678   256.341   289.426;   205.981   289.426   267.929;];
EW(221, :, :) = [   152.501   247.020   195.856;   247.020   231.508   333.049;   195.856   333.049   246.365;];
EW(222, :, :) = [   159.228   236.385   197.238;   236.385   226.857   319.069;   197.238   319.069   255.593;];
EW(223, :, :) = [   158.884   163.903   196.979;   179.099   177.237   241.076;   196.979   220.231   255.122;];
EW(224, :, :) = [   158.557   162.446   196.709;   177.956   174.933   240.079;   196.709   218.802   254.673;];
EW(225, :, :) = [   158.190   168.327   196.372;   176.939   173.040   239.237;   196.372   227.422   254.170;];
EW(226, :, :) = [   164.826   175.359   203.010;   166.986   171.729   226.118;   203.010   237.603   263.273;];
EW(227, :, :) = [   164.368   200.672   202.526;   218.317   241.798   297.049;   202.526   272.845   262.645;];
EW(228, :, :) = [   163.877   199.448   201.981;   199.448   245.067   271.667;   201.981   271.667   261.970;];
EW(229, :, :) = [   163.341   198.262   201.364;   198.262   243.891   270.525;   201.364   270.525   261.236;];
EW(230, :, :) = [   162.770   213.341   200.686;   213.341   242.764   291.680;   200.686   291.680   260.453;];
EW(231, :, :) = [   169.097   210.682   206.879;   210.682   241.688   288.488;   206.879   288.488   269.131;];
EW(232, :, :) = [   168.455   208.871   206.078;   208.871   240.648   286.445;   206.078   286.445   268.251;];
EW(233, :, :) = [   167.783   207.609   205.223;   207.609   239.640   285.142;   205.223   285.142   267.329;];
EW(234, :, :) = [   167.086   206.964   204.321;   206.964   238.672   284.670;   204.321   284.670   266.373;];
EW(235, :, :) = [   166.336   206.935   203.342;   206.935   237.739   285.033;   203.342   285.033   265.344;];
EW(236, :, :) = [   165.559   207.580   202.317;   207.580   236.830   286.307;   202.317   286.307   264.278;];
EW(237, :, :) = [   164.735   209.679   201.226;   209.679   235.966   289.563;   201.226   289.563   263.148;];
EW(238, :, :) = [   163.880   213.407   200.086;   213.407   235.110   295.044;   200.086   295.044   261.975;];
EW(239, :, :) = [   162.985   209.642   198.889;   209.642   234.057   290.234;   198.889   290.234   260.746;];
EW(240, :, :) = [   162.056   196.537   197.645;   187.806   190.054   260.625;   197.645   272.603   259.472;];
EW(241, :, :) = [   141.221   227.393   180.908;   227.393   215.301   315.262;   180.908   315.262   230.880;];
EW(242, :, :) = [   139.799   226.135   179.555;   226.135   215.176   313.862;   179.555   313.862   228.924;];
EW(243, :, :) = [   138.613   224.829   178.150;   224.829   213.904   312.385;   178.150   312.385   227.290;];
EW(244, :, :) = [   137.781   223.476   176.698;   223.476   212.600   310.835;   176.698   310.835   226.141;];
EW(245, :, :) = [   140.300   221.542   175.204;   221.542   212.362   308.480;   175.204   308.480   229.599;];
EW(246, :, :) = [   139.164   220.110   173.675;   220.110   211.004   306.804;   173.675   306.804   228.028;];
EW(247, :, :) = [   139.000   217.725   172.359;   217.725   209.832   303.811;   172.359   303.811   227.790;];
EW(248, :, :) = [   137.759   216.332   170.751;   216.332   208.481   302.172;   170.751   302.172   226.060;];
EW(249, :, :) = [   137.584   214.450   169.836;   182.479   203.915   256.000;   169.931   299.856   225.757;];
EW(250, :, :) = [   136.724   165.586   167.416;   163.845   155.862   230.695;   167.416   233.083   207.637;];
EW(251, :, :) = [   139.525   180.957   167.315;   199.598   190.452   279.990;   167.315   254.419   223.339;];
EW(252, :, :) = [   148.756   197.849   179.916;   197.849   203.892   277.833;   179.916   277.833   241.160;];
EW(253, :, :) = [   149.467   188.009   180.228;   192.825   181.690   271.178;   180.228   264.572   242.107;];
EW(254, :, :) = [   148.912   176.956   178.969;   176.956   223.202   249.640;   178.969   249.640   240.893;];
EW(255, :, :) = [   150.338   190.118   177.624;   190.118   222.484   267.919;   177.624   267.919   239.558;];
EW(256, :, :) = [   152.982   180.621   176.295;   180.621   221.674   255.109;   176.295   255.109   238.238;];
EW(257, :, :) = [   155.723   174.858   175.004;   174.858   220.826   247.415;   175.004   247.415   236.963;];
EW(258, :, :) = [   158.495   171.119   173.539;   171.119   219.945   242.493;   173.539   242.493   235.444;];
EW(259, :, :) = [   161.294   139.549   172.418;   139.549   219.020   199.368;   172.418   199.368   234.389;];
EW(260, :, :) = [   164.117   138.566   171.348;   138.566   218.042   198.210;   171.348   198.210   233.396;];
EW(261, :, :) = [   166.963   137.521   170.331;   137.521   217.004   196.962;   170.331   196.962   232.467;];
EW(262, :, :) = [   169.827   136.414   169.372;   136.414   215.906   195.622;   169.372   195.622   231.609;];
EW(263, :, :) = [   172.708   135.223   169.056;   135.223   214.727   194.159;   169.056   194.159   231.623;];
EW(264, :, :) = [   175.602   139.863   167.825;   139.863   213.462   200.715;   167.825   200.715   230.373;];
EW(265, :, :) = [   178.507   168.168   166.723;   168.168   212.101   239.743;   166.723   239.743   229.290;];
EW(266, :, :) = [   181.419   136.947   165.596;   136.947   210.627   197.030;   165.596   197.030   228.162;];
EW(267, :, :) = [   184.335   165.962   164.327;   165.962   209.025   237.046;   164.327   237.046   226.828;];
EW(268, :, :) = [   187.252   166.225   167.894;   166.225   207.278   237.566;   167.894   237.566   232.132;];
EW(269, :, :) = [   190.167   161.491   166.714;   161.491   205.365   231.225;   166.714   231.225   230.903;];
EW(270, :, :) = [   193.078   160.388   165.641;   160.388   203.264   229.860;   165.641   229.860   229.808;];
EW(271, :, :) = [   195.980   159.231   164.327;   159.231   185.948   228.418;   164.327   228.418   228.371;];
EW(272, :, :) = [   198.873   158.003   162.902;   158.003   198.393   226.874;   162.902   226.874   226.768;];
EW(273, :, :) = [   201.755   156.689   161.232;   156.689   195.560   225.208;   161.232   225.208   224.715;];
EW(274, :, :) = [   204.627   155.288   161.452;   155.288   192.416   223.418;   161.452   223.418   223.380;];
EW(275, :, :) = [   207.488   147.553   163.800;   152.045   188.921   195.252;   163.800   212.900   221.436;];
EW(276, :, :) = [   210.343   152.148   166.386;   152.148   185.024   219.353;   166.386   219.353   219.320;];
EW(277, :, :) = [   213.198   153.917   168.982;   153.917   185.617   221.908;   168.982   221.908   217.006;];
EW(278, :, :) = [   216.059   148.504   171.588;   148.504   175.968   214.553;   171.588   214.553   214.465;];
EW(279, :, :) = [   218.936   143.427   174.210;   143.427   165.197   206.387;   174.210   206.387   211.131;];
EW(280, :, :) = [   221.838   145.340   176.854;   145.340   123.523   197.308;   176.854   197.308   196.321;];
EW(281, :, :) = [   213.277   141.787   171.171;   141.787   132.273   187.205;   171.171   187.205   205.208;];
EW(282, :, :) = [   227.711   150.153   182.197;   150.153    90.505   113.626;   182.197   113.626   167.563;];
EW(283, :, :) = [   230.632   -99.000   184.859;   -99.000   -99.000   -99.000;   184.859   -99.000   157.899;];
EW(284, :, :) = [   233.442   -99.000   187.438;   -99.000   -99.000   -99.000;   187.438   -99.000   159.815;];
EW(285, :, :) = [   235.931   -99.000   189.770;   -99.000   -99.000   -99.000;   189.770   -99.000   177.128;];
EW(286, :, :) = [   237.496   -99.000   -99.000;   -99.000   -99.000   -99.000;   -99.000   -99.000   -99.000;];
EW(287, :, :) = [   235.367   -99.000   -99.000;   -99.000   -99.000   -99.000;   -99.000   -99.000   -99.000;];
