EW = zeros(288, 3, 3);
EW(  1, :, :) = [   404.13      nan      nan;      nan      nan      nan;      nan      nan      nan;];
EW(  2, :, :) = [   403.80      nan      nan;      nan      nan      nan;      nan      nan      nan;];
EW(  3, :, :) = [   403.31      nan      nan;      nan      nan      nan;      nan      nan      nan;];
EW(  4, :, :) = [   402.68      nan      nan;      nan      nan      nan;      nan      nan      nan;];
EW(  5, :, :) = [   401.90      nan      nan;      nan      nan      nan;      nan      nan      nan;];
EW(  6, :, :) = [   400.98      nan      nan;      nan      nan      nan;      nan      nan      nan;];
EW(  7, :, :) = [   399.92      nan      nan;      nan      nan      nan;      nan      nan      nan;];
EW(  8, :, :) = [   398.71      nan      nan;      nan      nan      nan;      nan      nan      nan;];
EW(  9, :, :) = [   397.36      nan      nan;      nan      nan      nan;      nan      nan      nan;];
EW( 10, :, :) = [   395.88      nan      nan;      nan      nan      nan;      nan      nan      nan;];
EW( 11, :, :) = [   394.26      nan      nan;      nan      nan      nan;      nan      nan      nan;];
EW( 12, :, :) = [   392.51      nan      nan;      nan      nan      nan;      nan      nan      nan;];
EW( 13, :, :) = [   390.64      nan      nan;      nan      nan      nan;      nan      nan      nan;];
EW( 14, :, :) = [   388.63      nan      nan;      nan      nan      nan;      nan      nan      nan;];
EW( 15, :, :) = [   386.51      nan      nan;      nan      nan      nan;      nan      nan      nan;];
EW( 16, :, :) = [   384.26      nan      nan;      nan      nan      nan;      nan      nan      nan;];
EW( 17, :, :) = [   381.90      nan      nan;      nan      nan      nan;      nan      nan      nan;];
EW( 18, :, :) = [   379.43      nan      nan;      nan      nan      nan;      nan      nan      nan;];
EW( 19, :, :) = [   376.85      nan      nan;      nan      nan      nan;      nan      nan      nan;];
EW( 20, :, :) = [   374.17      nan      nan;      nan      nan      nan;      nan      nan      nan;];
EW( 21, :, :) = [   371.39      nan      nan;      nan      nan      nan;      nan      nan      nan;];
EW( 22, :, :) = [   368.51      nan      nan;      nan      nan      nan;      nan      nan      nan;];
EW( 23, :, :) = [   365.55      nan      nan;      nan      nan      nan;      nan      nan      nan;];
EW( 24, :, :) = [   362.50      nan      nan;      nan      nan      nan;      nan      nan      nan;];
EW( 25, :, :) = [   359.36      nan      nan;      nan      nan      nan;      nan      nan      nan;];
EW( 26, :, :) = [   356.15      nan      nan;      nan      nan      nan;      nan      nan      nan;];
EW( 27, :, :) = [   352.87      nan      nan;      nan      nan      nan;      nan      nan      nan;];
EW( 28, :, :) = [   349.52      nan      nan;      nan      nan      nan;      nan      nan      nan;];
EW( 29, :, :) = [   346.10      nan      nan;      nan      nan      nan;      nan      nan      nan;];
EW( 30, :, :) = [   342.63      nan      nan;      nan      nan      nan;      nan      nan      nan;];
EW( 31, :, :) = [   339.10      nan      nan;      nan      nan      nan;      nan      nan      nan;];
EW( 32, :, :) = [   335.52      nan      nan;      nan      nan      nan;      nan      nan      nan;];
EW( 33, :, :) = [   331.90      nan      nan;      nan      nan      nan;      nan      nan      nan;];
EW( 34, :, :) = [   328.24      nan      nan;      nan      nan      nan;      nan      nan      nan;];
EW( 35, :, :) = [   324.54      nan      nan;      nan      nan      nan;      nan      nan      nan;];
EW( 36, :, :) = [   320.81      nan      nan;      nan      nan      nan;      nan      nan      nan;];
EW( 37, :, :) = [   317.05      nan      nan;      nan      nan      nan;      nan      nan      nan;];
EW( 38, :, :) = [   313.27      nan      nan;      nan      nan      nan;      nan      nan      nan;];
EW( 39, :, :) = [   309.47      nan      nan;      nan      nan      nan;      nan      nan      nan;];
EW( 40, :, :) = [   305.66      nan      nan;      nan      nan      nan;      nan      nan      nan;];
EW( 41, :, :) = [   301.83      nan      nan;      nan      nan      nan;      nan      nan      nan;];
EW( 42, :, :) = [   297.99      nan      nan;      nan      nan      nan;      nan      nan      nan;];
EW( 43, :, :) = [   294.15      nan      nan;      nan      nan      nan;      nan      nan      nan;];
EW( 44, :, :) = [   290.32      nan      nan;      nan      nan      nan;      nan      nan      nan;];
EW( 45, :, :) = [   286.48      nan      nan;      nan      nan      nan;      nan      nan      nan;];
EW( 46, :, :) = [   282.65      nan      nan;      nan      nan      nan;      nan      nan      nan;];
EW( 47, :, :) = [   278.83      nan      nan;      nan      nan      nan;      nan      nan      nan;];
EW( 48, :, :) = [   275.02      nan      nan;      nan      nan      nan;      nan      nan      nan;];
EW( 49, :, :) = [   271.23      nan      nan;      nan      nan      nan;      nan      nan      nan;];
EW( 50, :, :) = [   267.46      nan      nan;      nan      nan      nan;      nan      nan      nan;];
EW( 51, :, :) = [   263.71      nan      nan;      nan      nan      nan;      nan      nan      nan;];
EW( 52, :, :) = [   259.98      nan      nan;      nan      nan      nan;      nan      nan      nan;];
EW( 53, :, :) = [   256.28      nan      nan;      nan      nan      nan;      nan      nan      nan;];
EW( 54, :, :) = [   252.60      nan      nan;      nan      nan      nan;      nan      nan      nan;];
EW( 55, :, :) = [   248.96      nan      nan;      nan      nan      nan;      nan      nan      nan;];
EW( 56, :, :) = [   245.35      nan      nan;      nan      nan      nan;      nan      nan      nan;];
EW( 57, :, :) = [   241.77      nan      nan;      nan      nan      nan;      nan      nan      nan;];
EW( 58, :, :) = [   238.23      nan      nan;      nan      nan      nan;      nan      nan      nan;];
EW( 59, :, :) = [   234.73      nan      nan;      nan      nan      nan;      nan      nan      nan;];
EW( 60, :, :) = [   231.26      nan      nan;      nan      nan      nan;      nan      nan      nan;];
EW( 61, :, :) = [   227.84      nan      nan;      nan      nan      nan;      nan      nan      nan;];
EW( 62, :, :) = [   224.46      nan      nan;      nan      nan      nan;      nan      nan      nan;];
EW( 63, :, :) = [   221.12      nan      nan;      nan      nan      nan;      nan      nan      nan;];
EW( 64, :, :) = [   217.83      nan      nan;      nan      nan      nan;      nan      nan      nan;];
EW( 65, :, :) = [   214.58      nan      nan;      nan      nan      nan;      nan      nan      nan;];
EW( 66, :, :) = [   211.38      nan      nan;      nan      nan      nan;      nan      nan      nan;];
EW( 67, :, :) = [   208.23      nan      nan;      nan      nan      nan;      nan      nan      nan;];
EW( 68, :, :) = [   205.12      nan      nan;      nan      nan      nan;      nan      nan      nan;];
EW( 69, :, :) = [   202.06      nan      nan;      nan      nan      nan;      nan      nan      nan;];
EW( 70, :, :) = [   199.05      nan      nan;      nan      nan      nan;      nan      nan      nan;];
EW( 71, :, :) = [   196.09      nan      nan;      nan      nan      nan;      nan      nan      nan;];
EW( 72, :, :) = [   193.18      nan      nan;      nan      nan      nan;      nan      nan      nan;];
EW( 73, :, :) = [   190.32   149.63      nan;   149.63   120.55      nan;      nan      nan      nan;];
EW( 74, :, :) = [   187.51   149.29      nan;   149.29   122.83      nan;      nan      nan      nan;];
EW( 75, :, :) = [   184.75   149.09      nan;   149.09   125.28      nan;      nan      nan      nan;];
EW( 76, :, :) = [   182.04   149.00      nan;   149.00   127.90      nan;      nan      nan      nan;];
EW( 77, :, :) = [   179.38   149.01      nan;   149.01   130.66      nan;      nan      nan      nan;];
EW( 78, :, :) = [   176.76   149.12      nan;   149.12   133.59      nan;      nan      nan      nan;];
EW( 79, :, :) = [   174.20   149.33      nan;   149.33   136.69      nan;      nan      nan      nan;];
EW( 80, :, :) = [   171.69   149.62      nan;   149.62   139.96      nan;      nan      nan      nan;];
EW( 81, :, :) = [   169.23   150.01      nan;   150.01   143.41      nan;      nan      nan      nan;];
EW( 82, :, :) = [   166.82   150.48      nan;   150.48   147.04      nan;      nan      nan      nan;];
EW( 83, :, :) = [   164.46   151.04      nan;   151.04   150.87      nan;      nan      nan      nan;];
EW( 84, :, :) = [   162.14   151.70      nan;   151.70   154.88      nan;      nan      nan      nan;];
EW( 85, :, :) = [   159.88   152.45      nan;   152.45   159.10      nan;      nan      nan      nan;];
EW( 86, :, :) = [   157.66   153.30      nan;   153.30   163.51      nan;      nan      nan      nan;];
EW( 87, :, :) = [   155.49   154.24      nan;   154.24   168.12      nan;      nan      nan      nan;];
EW( 88, :, :) = [   153.36   155.28      nan;   155.28   172.93      nan;      nan      nan      nan;];
EW( 89, :, :) = [   151.29   156.43      nan;   156.43   177.92      nan;      nan      nan      nan;];
EW( 90, :, :) = [   149.26   157.68      nan;   157.68   183.10      nan;      nan      nan      nan;];
EW( 91, :, :) = [   147.27   159.05      nan;   159.05   188.46      nan;      nan      nan      nan;];
EW( 92, :, :) = [   145.34   160.55      nan;   160.55   194.00      nan;      nan      nan      nan;];
EW( 93, :, :) = [   143.45   162.21      nan;   162.21   199.70      nan;      nan      nan      nan;];
EW( 94, :, :) = [   141.62   164.07      nan;   164.07   205.55      nan;      nan      nan      nan;];
EW( 95, :, :) = [   139.86   166.19      nan;   166.19   211.56      nan;      nan      nan      nan;];
EW( 96, :, :) = [   138.23   168.66      nan;   168.66   217.71      nan;      nan      nan      nan;];
EW( 97, :, :) = [   136.87   171.55      nan;   171.55   223.98      nan;      nan      nan      nan;];
EW( 98, :, :) = [   136.09   174.92      nan;   174.92   230.37      nan;      nan      nan      nan;];
EW( 99, :, :) = [   136.34   178.74      nan;   178.74   236.88      nan;      nan      nan      nan;];
EW(100, :, :) = [   137.79   182.97      nan;   182.97   243.47      nan;      nan      nan      nan;];
EW(101, :, :) = [   140.26   187.54      nan;   187.54   250.16      nan;      nan      nan      nan;];
EW(102, :, :) = [   143.47   192.41      nan;   192.41   256.91      nan;      nan      nan      nan;];
EW(103, :, :) = [   147.18   197.50      nan;   197.50   263.73      nan;      nan      nan      nan;];
EW(104, :, :) = [   151.24   202.78      nan;   202.78   270.59      nan;      nan      nan      nan;];
EW(105, :, :) = [   155.54   208.20      nan;   208.20   277.48      nan;      nan      nan      nan;];
EW(106, :, :) = [   160.02   213.75      nan;   213.75   284.40      nan;      nan      nan      nan;];
EW(107, :, :) = [   164.61   219.38      nan;   219.38   291.32      nan;      nan      nan      nan;];
EW(108, :, :) = [   169.29   225.07      nan;   225.07   298.24      nan;      nan      nan      nan;];
EW(109, :, :) = [   174.03   230.81      nan;   230.81   305.14      nan;      nan      nan      nan;];
EW(110, :, :) = [   178.79   236.58      nan;   236.58   312.01      nan;      nan      nan      nan;];
EW(111, :, :) = [   183.56   242.36      nan;   242.36   318.83      nan;      nan      nan      nan;];
EW(112, :, :) = [   188.33   248.14      nan;   248.14   325.60      nan;      nan      nan      nan;];
EW(113, :, :) = [   193.09   253.90      nan;   253.90   332.31      nan;      nan      nan      nan;];
EW(114, :, :) = [   197.81   259.64      nan;   259.64   338.95      nan;      nan      nan      nan;];
EW(115, :, :) = [   202.50   265.33      nan;   265.33   345.52      nan;      nan      nan      nan;];
EW(116, :, :) = [   207.14   270.99      nan;   270.99   352.00      nan;      nan      nan      nan;];
EW(117, :, :) = [   211.74   276.59      nan;   276.59   358.40      nan;      nan      nan      nan;];
EW(118, :, :) = [   216.30   282.15      nan;   282.15   364.73      nan;      nan      nan      nan;];
EW(119, :, :) = [   220.80   287.65      nan;   287.65   370.98      nan;      nan      nan      nan;];
EW(120, :, :) = [   225.27   293.09      nan;   293.09   377.16      nan;      nan      nan      nan;];
EW(121, :, :) = [   229.71   298.50   229.51;   298.50   383.29   298.02;   229.51   298.02   229.39;];
EW(122, :, :) = [   234.12   303.85   233.94;   303.85   389.38   303.41;   233.94   303.41   233.83;];
EW(123, :, :) = [   238.51   309.16   238.34;   309.16   395.42   308.75;   238.34   308.75   238.24;];
EW(124, :, :) = [   242.87   314.43   242.72;   314.43   401.43   314.04;   242.72   314.04   242.63;];
EW(125, :, :) = [   247.21   319.63   247.07;   319.63   407.39   319.27;   247.07   319.27   246.99;];
EW(126, :, :) = [   251.50   324.77   251.38;   324.77   413.30   324.43;   251.38   324.43   251.30;];
EW(127, :, :) = [   255.73   329.81   255.62;   329.81   419.11   329.50;   255.62   329.50   255.55;];
EW(128, :, :) = [   259.88   334.73   259.78;   334.73   424.80   334.43;   259.78   334.43   259.71;];
EW(129, :, :) = [   263.90   339.48   263.81;   339.48   430.32   339.21;   263.81   339.21   263.75;];
EW(130, :, :) = [   267.78   344.05   267.70;   344.05   435.64   343.79;   267.70   343.79   267.64;];
EW(131, :, :) = [   271.48   348.39   271.40;   348.39   440.71   348.15;   271.40   348.15   271.35;];
EW(132, :, :) = [   274.98   352.49   274.91;   352.49   445.50   352.26;   274.91   352.26   274.86;];
EW(133, :, :) = [   278.25   356.30   278.18;   356.30   449.97   356.09;   278.18   356.09   278.14;];
EW(134, :, :) = [   281.27   359.82   281.21;   359.82   454.11   359.61;   281.21   359.61   281.17;];
EW(135, :, :) = [   284.02   363.01   283.96;   363.01   457.88   362.81;   283.96   362.81   283.93;];
EW(136, :, :) = [   286.49   365.86   286.44;   365.86   461.25   365.67;   286.44   365.67   286.40;];
EW(137, :, :) = [   288.66   368.35   288.61;   368.35   464.22   368.17;   288.61   368.17   288.57;];
EW(138, :, :) = [   290.51   370.46   290.46;   370.46   466.76   370.29;   290.46   370.29   290.43;];
EW(139, :, :) = [   292.04   372.19   292.00;   372.19   468.85   372.03;   292.00   372.03   291.97;];
EW(140, :, :) = [   293.24   373.53   293.20;   373.53   470.49   373.37;   293.20   373.37   293.17;];
EW(141, :, :) = [   294.10   374.46   294.05;   374.46   471.66   374.31;   294.05   374.31   294.03;];
EW(142, :, :) = [   294.60   374.97   294.56;   374.97   472.36   374.83;   294.56   374.83   294.54;];
EW(143, :, :) = [   294.76   375.08   294.72;   375.08   472.58   374.94;   294.72   374.94   294.69;];
EW(144, :, :) = [   294.56   374.77   294.53;   374.77   472.31   374.63;   294.53   374.63   294.50;];
EW(145, :, :) = [   294.02   374.04   293.98;   374.04   471.56   373.90;   293.98   373.90   293.95;];
EW(146, :, :) = [   293.12   372.91   293.08;   372.91   470.33   372.76;   293.08   372.76   293.05;];
EW(147, :, :) = [   291.87   371.36   291.83;   371.36   468.62   371.20;   291.83   371.20   291.80;];
EW(148, :, :) = [   290.28   369.42   290.24;   369.42   466.45   369.25;   290.24   369.25   290.20;];
EW(149, :, :) = [   288.35   367.08   288.31;   367.08   463.81   366.90;   288.31   366.90   288.27;];
EW(150, :, :) = [   286.10   364.35   286.05;   364.35   460.73   364.17;   286.05   364.17   286.01;];
EW(151, :, :) = [   283.53   361.26   283.47;   361.26   457.21   361.06;   283.47   361.06   283.44;];
EW(152, :, :) = [   280.65   357.81   280.59;   357.81   453.27   357.60;   280.59   357.60   280.55;];
EW(153, :, :) = [   277.48   354.02   277.41;   354.02   448.93   353.80;   277.41   353.80   277.37;];
EW(154, :, :) = [   274.03   349.91   273.96;   349.91   444.20   349.67;   273.96   349.67   273.91;];
EW(155, :, :) = [   270.31   345.49   270.24;   345.49   439.12   345.23;   270.24   345.23   270.19;];
EW(156, :, :) = [   266.35   340.79   266.27;   340.79   433.69   340.51;   266.27   340.51   266.22;];
EW(157, :, :) = [   262.16   335.82   262.07;   335.82   427.94   335.52;   262.07   335.52   262.01;];
EW(158, :, :) = [   257.75   330.61   257.66;   330.61   421.90   330.28;   257.66   330.28   257.59;];
EW(159, :, :) = [   253.15   325.18   253.05;   325.18   415.59   324.82;   253.05   324.82   252.98;];
EW(160, :, :) = [   248.38   319.55   248.26;   319.55   409.03   319.16;   248.26   319.16   248.18;];
EW(161, :, :) = [   243.45   313.74   243.31;   313.74   402.25   313.31;   243.31   313.31   243.23;];
EW(162, :, :) = [   238.38   307.77   238.23;   307.77   395.28   307.31;   238.23   307.31   238.13;];
EW(163, :, :) = [   233.19   301.68   233.02;   301.68   388.13   301.17;   233.02   301.17   232.92;];
EW(164, :, :) = [   227.90   295.47   227.71;   295.47   380.84   294.91;   227.71   294.91   227.60;];
EW(165, :, :) = [   222.53   289.18   222.32;   289.18   373.42   288.56;   222.32   288.56   222.19;];
EW(166, :, :) = [   217.10   282.82   216.86;   282.82   365.91   282.13;   216.86   282.13   216.71;];
EW(167, :, :) = [   211.62   276.42   211.35;   276.42   358.32   275.65;   211.35   275.65   211.19;];
EW(168, :, :) = [   206.13   269.99   205.81;   269.99   350.68   269.14;   205.81   269.14   205.63;];
EW(169, :, :) = [   200.62   263.57   200.26;   263.57   343.01   262.61;   200.26   262.62   200.05;];
EW(170, :, :) = [   195.12   257.16   194.71;   257.16   335.32   256.09;   194.71   256.09   194.47;];
EW(171, :, :) = [   189.66   250.79   189.18;   250.79   327.65   249.58;   189.18   249.59   188.90;];
EW(172, :, :) = [   184.24   244.48   183.68;   244.48   320.00   243.12;   183.68   243.13   183.36;];
EW(173, :, :) = [   178.88   238.26   178.22;   238.26   312.39   236.70;   178.23   236.71   177.85;];
EW(174, :, :) = [   173.62   232.13   172.83;   232.13   304.84   230.36;   172.84   230.37   172.40;];
EW(175, :, :) = [   168.45   226.11   167.52;   226.11   297.36   224.09;   167.52   224.10   167.02;];
EW(176, :, :) = [   163.42   220.25   162.29;   220.25   289.98   217.91;   162.30   217.93   161.71;];
EW(177, :, :) = [   158.54   214.54   157.17;   214.54   282.69   211.84;   157.18   211.87   156.49;];
EW(178, :, :) = [   153.85   209.03   152.17;   209.03   275.51   205.89;   152.19   205.92   151.36;];
EW(179, :, :) = [   149.40   203.73   147.31;   203.73   268.45   200.06;   147.33   200.10   146.33;];
EW(180, :, :) = [   145.24   198.68   142.60;   198.68   261.52   194.36;   142.63   194.42   141.42;];
EW(181, :, :) = [   141.46   193.91   138.08;   193.91   254.73   188.81;   138.13   188.89   136.64;];
EW(182, :, :) = [   138.17   189.47   133.78;   189.47   248.09   183.42;   133.84   183.52   131.98;];
EW(183, :, :) = [   135.55   185.39   129.74;   185.39   241.59   178.18;   129.83   178.32   127.47;];
EW(184, :, :) = [   133.76   181.69   126.03;   181.69   235.25   173.12;   126.15   173.30   123.10;];
EW(185, :, :) = [   132.96   178.38   122.73;   178.38   229.07   168.24;   122.90   168.47   118.90;];
EW(186, :, :) = [   133.11   175.44   119.92;   175.44   223.04   163.55;   120.18   163.86   114.87;];
EW(187, :, :) = [   133.96   172.82   117.70;   172.82   217.19   159.07;   118.07   159.48   111.04;];
EW(188, :, :) = [   135.24   170.45   116.08;   170.45   211.50   154.82;   116.63   155.36   107.43;];
EW(189, :, :) = [   136.75   168.30   115.07;   168.30   205.97   150.81;   115.87   151.54   104.09;];
EW(190, :, :) = [   138.39   166.32   114.60;   166.32   200.62   147.09;   115.77   148.05   101.12;];
EW(191, :, :) = [   140.12   164.48   114.63;   164.48   195.43   143.66;   116.34   144.93    98.67;];
EW(192, :, :) = [   141.91   162.77   115.07;   162.77   190.40   140.55;   117.56   142.21    97.05;];
EW(193, :, :) = [   143.75   161.17   115.87;   161.17   185.54   137.78;   119.41   139.91    96.61;];
EW(194, :, :) = [   145.65   159.68   116.95;   159.68   180.85   135.32;   121.87   138.04    97.56;];
EW(195, :, :) = [   147.59   158.30   118.25;   158.30   176.31   133.16;   124.88   136.61    99.75;];
EW(196, :, :) = [   149.57   157.02   119.72;   157.02   171.94   131.26;   128.37   135.63   102.87;];
EW(197, :, :) = [   151.61   155.84   121.32;   155.84   167.72   129.60;   132.29   135.12   106.66;];
EW(198, :, :) = [   153.69   154.76   123.04;   154.76   163.66   128.14;   136.54   135.13   110.97;];
EW(199, :, :) = [   155.81   153.78   124.86;   153.78   159.74   126.87;   141.09   135.71   115.67;];
EW(200, :, :) = [   157.99   152.89   126.78;   152.89   155.97   125.77;   145.89   136.88   120.69;];
EW(201, :, :) = [   160.21   152.09   128.79;   152.09   152.35   124.85;   150.90   138.64   126.00;];
EW(202, :, :) = [   162.48   151.39   130.90;   151.39   148.87   124.10;   156.11   140.97   131.56;];
EW(203, :, :) = [   164.79   150.78   133.11;   150.78   145.52   123.52;   161.51   143.81   137.39;];
EW(204, :, :) = [   167.16   150.26   135.43;   150.26   142.31   123.14;   167.10   147.14   143.48;];
EW(205, :, :) = [   169.58   149.84   137.89;   149.85   139.23   122.96;   172.89   150.93   149.85;];
EW(206, :, :) = [   172.06   149.51   140.49;   149.55   136.28   123.05;   178.90   155.20   156.55;];
EW(207, :, :) = [   174.59   149.30   143.28;   149.43   133.48   123.50;   185.15   159.91   163.62;];
EW(208, :, :) = [   177.19   149.23   146.33;   149.61   130.89   124.56;   191.70   165.09   171.12;];
EW(209, :, :) = [   179.89   149.39   149.78;   150.39   128.71   126.67;   198.57   170.72   179.12;];
EW(210, :, :) = [   182.72   149.94   153.87;   152.14   127.43   130.24;   205.81   176.76   187.67;];
EW(211, :, :) = [   185.78   151.15   158.91;   155.07   127.64   135.23;   213.45   183.18   196.79;];
EW(212, :, :) = [   189.21   153.24   165.02;   159.08   129.43   141.33;   221.45   189.89   206.45;];
EW(213, :, :) = [   193.20   156.22   172.06;   163.90   132.39   148.20;   229.72   196.77   216.52;];
EW(214, :, :) = [   197.82   159.85   179.69;   169.23   136.08   155.50;   238.10   203.66   226.78;];
EW(215, :, :) = [   202.93   163.84   187.52;   174.80   140.18   162.89;   246.37   210.37   236.93;];
EW(216, :, :) = [   208.26   167.87   195.17;   180.33   144.41   170.01;   254.29   216.68   246.60;];
EW(217, :, :) = [   213.50   171.66   202.23;   185.57   148.50   176.52;   261.57   222.33   255.39;];
EW(218, :, :) = [   218.34   174.91   208.33;   190.27   152.20   182.07;   267.95   227.07   262.91;];
EW(219, :, :) = [   222.52   177.40   213.13;   194.23   155.24   186.35;   273.16   230.63   268.77;];
EW(220, :, :) = [   225.85   178.93   216.34;   197.28   157.37   189.11;   277.00   232.78   272.66;];
EW(221, :, :) = [   228.23   179.36   217.77;   199.28   158.41   190.15;   279.30   233.35   274.34;];
EW(222, :, :) = [   229.65   178.67   217.32;   200.16   158.26   189.39;   279.98   232.26   273.66;];
EW(223, :, :) = [   230.26   176.99   215.01;   199.92   156.96   186.81;   279.03   229.53   270.61;];
EW(224, :, :) = [   230.42   174.69   211.02;   198.63   154.61   182.51;   276.53   225.28   265.29;];
EW(225, :, :) = [   230.83   172.57   205.75;   196.40   151.38   176.70;   272.64   219.72   257.92;];
EW(226, :, :) = [   232.33   171.94   200.12;   193.42   147.46   169.66;   267.58   213.10   248.86;];
EW(227, :, :) = [   235.04   173.28   196.72;   189.93   143.09   161.80;   261.59   205.69   238.57;];
EW(228, :, :) = [   238.34   175.60   197.20;   186.32   138.59   153.69;   254.95   197.77   227.65;];
EW(229, :, :) = [   241.81   178.20   199.21;   183.44   134.81   146.29;   247.95   189.62   216.76;];
EW(230, :, :) = [   245.35   180.90   201.60;   182.65   133.23   141.39;   240.84   181.47   206.44;];
EW(231, :, :) = [   248.93   183.66   204.18;   184.10   134.10   140.21;   233.89   173.56   197.00;];
EW(232, :, :) = [   252.53   186.48   206.90;   186.58   136.12   141.07;   227.48   166.19   188.87;];
EW(233, :, :) = [   256.17   189.34   209.74;   189.36   138.47   142.56;   222.65   160.09   183.51;];
EW(234, :, :) = [   259.83   192.24   212.67;   192.25   140.94   144.29;   220.58   156.19   181.96;];
EW(235, :, :) = [   263.51   195.19   215.68;   195.19   143.46   146.16;   220.78   154.36   182.70;];
EW(236, :, :) = [   267.22   198.16   218.76;   198.17   146.01   148.14;   222.23   153.92   184.45;];
EW(237, :, :) = [   270.95   201.17   221.89;   201.17   148.59   150.20;   224.36   154.37   186.68;];
EW(238, :, :) = [   274.69   204.21   225.07;   204.21   151.20   152.34;   226.88   155.41   189.18;];
EW(239, :, :) = [   278.45   207.27   228.29;   207.27   153.84   154.54;   229.64   156.83   191.85;];
EW(240, :, :) = [   282.22   210.35   231.53;   210.35   156.49   156.80;   232.57   158.53   194.62;];
EW(241, :, :) = [   286.00   213.44   234.81;   213.44   159.16   159.09;   235.61   160.42   197.48;];
EW(242, :, :) = [   289.79   216.55   238.10;   216.55   161.85   161.42;   238.73   162.46   200.38;];
EW(243, :, :) = [   293.58   219.68   241.41;   219.68   164.54   163.78;   241.91   164.59   203.32;];
EW(244, :, :) = [   297.37   222.80   244.73;   222.80   167.24   166.16;   245.12   166.80   206.29;];
EW(245, :, :) = [   301.15   225.94   248.06;   225.94   169.94   168.56;   248.37   169.07   209.28;];
EW(246, :, :) = [   304.93   229.07   251.38;   229.07   172.65   170.97;   251.63   171.38   212.28;];
EW(247, :, :) = [   308.70   232.20   254.70;   232.20   175.35   173.39;   254.91   173.72   215.28;];
EW(248, :, :) = [   312.46   235.32   258.02;   235.32   178.05   175.82;   258.19   176.08   218.28;];
EW(249, :, :) = [   316.20   238.43   261.32;   238.43   180.74   178.24;   261.46   178.46   221.27;];
EW(250, :, :) = [   319.92   241.52   264.61;   241.52   183.42   180.66;   264.72   180.84   224.25;];
EW(251, :, :) = [   323.61   244.60   267.88;   244.60   186.08   183.08;   267.97   183.22   227.22;];
EW(252, :, :) = [   327.27   247.66   271.13;   247.66   188.72   185.48;   271.21   185.59   230.16;];
EW(253, :, :) = [   330.90   250.69   274.35;   250.69   191.35   187.86;   274.41   187.96   233.09;];
EW(254, :, :) = [   334.49   253.69   277.54;   253.69   193.94   190.23;   277.59   190.31   235.98;];
EW(255, :, :) = [   338.04   256.66   280.69;   256.66   196.51   192.57;   280.73   192.64   238.85;];
EW(256, :, :) = [   341.55   259.59   283.80;   259.59   199.05   194.89;   283.83   194.94   241.67;];
EW(257, :, :) = [   345.00   262.48   286.87;   262.48   201.56   197.18;   286.90   197.22   244.46;];
EW(258, :, :) = [   348.40   265.33   289.89;   265.33   204.02   199.43;   289.91   199.47   247.21;];
EW(259, :, :) = [   351.74   268.12   292.86;   268.12   206.45   201.65;   292.88   201.68   249.91;];
EW(260, :, :) = [   355.02   270.87   295.77;   270.87   208.83   203.83;   295.79   203.86   252.56;];
EW(261, :, :) = [   358.22   273.56   298.63;   273.56   211.16   205.97;   298.64   205.99   255.16;];
EW(262, :, :) = [   361.36   276.18   301.42;   276.18   213.44   208.05;   301.43   208.07   257.70;];
EW(263, :, :) = [   364.42   278.74   304.14;   278.74   215.66   210.09;   304.14   210.11   260.17;];
EW(264, :, :) = [   367.39   281.23   306.78;   281.23   217.82   212.08;   306.79   212.09   262.58;];
EW(265, :, :) = [   370.28   283.65   309.35;   283.65   219.93   214.01;   309.36   214.02   264.92;];
EW(266, :, :) = [   373.08   286.00   311.84;   286.00   221.96   215.88;   311.85   215.88   267.19;];
EW(267, :, :) = [   375.78   288.26   314.25;   288.26   223.93   217.68;   314.25   217.69   269.38;];
EW(268, :, :) = [   378.38   290.44   316.56;   290.44   225.83   219.42;   316.57   219.43   271.49;];
EW(269, :, :) = [   380.88   292.53   318.79;   292.53   227.65   221.09;   318.79   221.09   273.52;];
EW(270, :, :) = [   383.27   294.53   320.92;   294.53   229.39   222.69;   320.92   222.69   275.45;];
EW(271, :, :) = [   385.55   296.43   322.94;   296.43   231.05   224.21;   322.95   224.21   277.30;];
EW(272, :, :) = [   387.72   298.24   324.87;   298.24   232.63   225.65;   324.87   225.66   279.06;];
EW(273, :, :) = [   389.76   299.94   326.69;   299.94   234.12   227.02;   326.69   227.02   280.72;];
EW(274, :, :) = [   391.68   301.55   328.40;   301.55   235.53   228.30;   328.40   228.30   282.27;];
EW(275, :, :) = [   393.48   303.04   329.99;   303.04   236.83   229.49;   329.99   229.49   283.73;];
EW(276, :, :) = [   395.14   304.42   331.47;   304.42   238.05   230.60;   331.47   230.60   285.08;];
EW(277, :, :) = [   396.67   305.69   332.83;   305.69   239.16   231.61;   332.83   231.61   286.32;];
EW(278, :, :) = [   398.05   306.84   334.06;   306.84   240.17   232.53;   334.06   232.53   287.44;];
EW(279, :, :) = [   399.29   307.86   335.16;   307.86   241.07   233.34;   335.16   233.34   288.45;];
EW(280, :, :) = [   400.37   308.73   336.12;   308.73   241.86    63.32;   336.12    63.36   289.32;];
EW(281, :, :) = [   401.27   309.40   336.92;   309.40   242.51    49.65;   336.92    49.68   290.05;];
EW(282, :, :) = [   401.94   309.69   337.52;   309.69   242.95     0.82;   337.52     0.84   290.58;];
EW(283, :, :) = [   402.30   308.89   337.84;   308.89   242.75      nan;   337.84      nan   290.88;];
EW(284, :, :) = [   402.16      nan   337.62;      nan      nan      nan;   337.62      nan   290.75;];
EW(285, :, :) = [   401.04      nan   335.90;      nan      nan      nan;   335.90      nan   289.55;];
EW(286, :, :) = [   397.55      nan      nan;      nan      nan      nan;      nan      nan      nan;];
EW(287, :, :) = [   387.00      nan      nan;      nan      nan      nan;      nan      nan      nan;];
EW(288, :, :) = [   345.00      nan      nan;      nan      nan      nan;      nan      nan      nan;];
