EW = zeros(288, 3, 3);
EW(  1, :, :) = [   265.256   -99.000   -99.000;   -99.000   -99.000   -99.000;   -99.000   -99.000   -99.000;];
EW(  2, :, :) = [   268.084   -99.000   -99.000;   -99.000   -99.000   -99.000;   -99.000   -99.000   -99.000;];
EW(  3, :, :) = [   270.789   -99.000   -99.000;   -99.000   -99.000   -99.000;   -99.000   -99.000   -99.000;];
EW(  4, :, :) = [   273.366   -99.000   -99.000;   -99.000   -99.000   -99.000;   -99.000   -99.000   -99.000;];
EW(  5, :, :) = [   275.810   -99.000   -99.000;   -99.000   -99.000   -99.000;   -99.000   -99.000   -99.000;];
EW(  6, :, :) = [   278.118   -99.000   -99.000;   -99.000   -99.000   -99.000;   -99.000   -99.000   -99.000;];
EW(  7, :, :) = [   280.290   -99.000   -99.000;   -99.000   -99.000   -99.000;   -99.000   -99.000   -99.000;];
EW(  8, :, :) = [   282.328   -99.000   -99.000;   -99.000   -99.000   -99.000;   -99.000   -99.000   -99.000;];
EW(  9, :, :) = [   284.236   -99.000   -99.000;   -99.000   -99.000   -99.000;   -99.000   -99.000   -99.000;];
EW( 10, :, :) = [   286.024   -99.000   -99.000;   -99.000   -99.000   -99.000;   -99.000   -99.000   -99.000;];
EW( 11, :, :) = [   287.704   -99.000   -99.000;   -99.000   -99.000   -99.000;   -99.000   -99.000   -99.000;];
EW( 12, :, :) = [   289.291   -99.000   -99.000;   -99.000   -99.000   -99.000;   -99.000   -99.000   -99.000;];
EW( 13, :, :) = [   290.798   -99.000   -99.000;   -99.000   -99.000   -99.000;   -99.000   -99.000   -99.000;];
EW( 14, :, :) = [   292.234   -99.000   -99.000;   -99.000   -99.000   -99.000;   -99.000   -99.000   -99.000;];
EW( 15, :, :) = [   293.595   -99.000   -99.000;   -99.000   -99.000   -99.000;   -99.000   -99.000   -99.000;];
EW( 16, :, :) = [   294.869   -99.000   -99.000;   -99.000   -99.000   -99.000;   -99.000   -99.000   -99.000;];
EW( 17, :, :) = [   296.027   -99.000   -99.000;   -99.000   -99.000   -99.000;   -99.000   -99.000   -99.000;];
EW( 18, :, :) = [   297.043   -99.000   -99.000;   -99.000   -99.000   -99.000;   -99.000   -99.000   -99.000;];
EW( 19, :, :) = [   297.890   -99.000   -99.000;   -99.000   -99.000   -99.000;   -99.000   -99.000   -99.000;];
EW( 20, :, :) = [   298.546   -99.000   -99.000;   -99.000   -99.000   -99.000;   -99.000   -99.000   -99.000;];
EW( 21, :, :) = [   298.995   -99.000   -99.000;   -99.000   -99.000   -99.000;   -99.000   -99.000   -99.000;];
EW( 22, :, :) = [   299.226   -99.000   -99.000;   -99.000   -99.000   -99.000;   -99.000   -99.000   -99.000;];
EW( 23, :, :) = [   299.230   -99.000   -99.000;   -99.000   -99.000   -99.000;   -99.000   -99.000   -99.000;];
EW( 24, :, :) = [   299.001   -99.000   -99.000;   -99.000   -99.000   -99.000;   -99.000   -99.000   -99.000;];
EW( 25, :, :) = [   298.538   -99.000   -99.000;   -99.000   -99.000   -99.000;   -99.000   -99.000   -99.000;];
EW( 26, :, :) = [   297.839   -99.000   -99.000;   -99.000   -99.000   -99.000;   -99.000   -99.000   -99.000;];
EW( 27, :, :) = [   296.906   -99.000   -99.000;   -99.000   -99.000   -99.000;   -99.000   -99.000   -99.000;];
EW( 28, :, :) = [   295.741   -99.000   -99.000;   -99.000   -99.000   -99.000;   -99.000   -99.000   -99.000;];
EW( 29, :, :) = [   294.348   -99.000   -99.000;   -99.000   -99.000   -99.000;   -99.000   -99.000   -99.000;];
EW( 30, :, :) = [   292.734   -99.000   -99.000;   -99.000   -99.000   -99.000;   -99.000   -99.000   -99.000;];
EW( 31, :, :) = [   290.903   -99.000   -99.000;   -99.000   -99.000   -99.000;   -99.000   -99.000   -99.000;];
EW( 32, :, :) = [   288.864   -99.000   -99.000;   -99.000   -99.000   -99.000;   -99.000   -99.000   -99.000;];
EW( 33, :, :) = [   286.627   -99.000   -99.000;   -99.000   -99.000   -99.000;   -99.000   -99.000   -99.000;];
EW( 34, :, :) = [   284.199   -99.000   -99.000;   -99.000   -99.000   -99.000;   -99.000   -99.000   -99.000;];
EW( 35, :, :) = [   281.592   -99.000   -99.000;   -99.000   -99.000   -99.000;   -99.000   -99.000   -99.000;];
EW( 36, :, :) = [   278.816   -99.000   -99.000;   -99.000   -99.000   -99.000;   -99.000   -99.000   -99.000;];
EW( 37, :, :) = [   275.882   184.936   -99.000;   184.936   137.196   -99.000;   -99.000   -99.000   -99.000;];
EW( 38, :, :) = [   272.802   182.533   -99.000;   182.533   137.593   -99.000;   -99.000   -99.000   -99.000;];
EW( 39, :, :) = [   269.588   180.033   -99.000;   180.033   138.008   -99.000;   -99.000   -99.000   -99.000;];
EW( 40, :, :) = [   266.252   177.445   -99.000;   177.445   138.435   -99.000;   -99.000   -99.000   -99.000;];
EW( 41, :, :) = [   262.805   174.778   -99.000;   174.778   138.864   -99.000;   -99.000   -99.000   -99.000;];
EW( 42, :, :) = [   259.260   172.041   -99.000;   172.041   139.293   -99.000;   -99.000   -99.000   -99.000;];
EW( 43, :, :) = [   255.628   169.244   -99.000;   169.244   139.721   -99.000;   -99.000   -99.000   -99.000;];
EW( 44, :, :) = [   251.921   166.395   -99.000;   166.395   140.149   -99.000;   -99.000   -99.000   -99.000;];
EW( 45, :, :) = [   248.149   163.503   -99.000;   163.503   140.571   -99.000;   -99.000   -99.000   -99.000;];
EW( 46, :, :) = [   244.325   160.578   -99.000;   160.578   140.989   -99.000;   -99.000   -99.000   -99.000;];
EW( 47, :, :) = [   240.457   157.626   -99.000;   157.626   141.390   -99.000;   -99.000   -99.000   -99.000;];
EW( 48, :, :) = [   236.556   154.657   -99.000;   154.657   141.759   -99.000;   -99.000   -99.000   -99.000;];
EW( 49, :, :) = [   232.632   151.678   -99.000;   151.678   142.101   -99.000;   -99.000   -99.000   -99.000;];
EW( 50, :, :) = [   228.693   148.698   -99.000;   148.698   142.424   -99.000;   -99.000   -99.000   -99.000;];
EW( 51, :, :) = [   224.747   145.724   -99.000;   145.724   142.735   -99.000;   -99.000   -99.000   -99.000;];
EW( 52, :, :) = [   220.804   142.765   -99.000;   142.765   142.984   -99.000;   -99.000   -99.000   -99.000;];
EW( 53, :, :) = [   216.869   139.831   -99.000;   139.831   142.769   -99.000;   -99.000   -99.000   -99.000;];
EW( 54, :, :) = [   212.950   136.931   -99.000;   136.931   139.875   -99.000;   -99.000   -99.000   -99.000;];
EW( 55, :, :) = [   209.053   134.080   -99.000;   134.080   139.024   -99.000;   -99.000   -99.000   -99.000;];
EW( 56, :, :) = [   205.184   131.295   -99.000;   131.295   140.110   -99.000;   -99.000   -99.000   -99.000;];
EW( 57, :, :) = [   201.347   128.604   -99.000;   128.604   143.349   -99.000;   -99.000   -99.000   -99.000;];
EW( 58, :, :) = [   197.548   126.050   -99.000;   126.050   146.491   -99.000;   -99.000   -99.000   -99.000;];
EW( 59, :, :) = [   193.791   123.704   -99.000;   123.704   148.573   -99.000;   -99.000   -99.000   -99.000;];
EW( 60, :, :) = [   190.079   121.650   -99.000;   121.650   149.540   -99.000;   -99.000   -99.000   -99.000;];
EW( 61, :, :) = [   186.416   119.915   -99.000;   119.915   150.334   -99.000;   -99.000   -99.000   -99.000;];
EW( 62, :, :) = [   182.805   118.403   -99.000;   118.403   151.129   -99.000;   -99.000   -99.000   -99.000;];
EW( 63, :, :) = [   179.248   117.004   -99.000;   117.004   151.941   -99.000;   -99.000   -99.000   -99.000;];
EW( 64, :, :) = [   175.748   115.667   -99.000;   115.667   152.772   -99.000;   -99.000   -99.000   -99.000;];
EW( 65, :, :) = [   172.306   114.377   -99.000;   114.377   153.624   -99.000;   -99.000   -99.000   -99.000;];
EW( 66, :, :) = [   168.924   113.129   -99.000;   113.129   154.497   -99.000;   -99.000   -99.000   -99.000;];
EW( 67, :, :) = [   165.603   111.924   -99.000;   111.924   155.392   -99.000;   -99.000   -99.000   -99.000;];
EW( 68, :, :) = [   162.344   110.762   -99.000;   110.762   156.309   -99.000;   -99.000   -99.000   -99.000;];
EW( 69, :, :) = [   159.147   109.644   -99.000;   109.644   157.248   -99.000;   -99.000   -99.000   -99.000;];
EW( 70, :, :) = [   156.014   108.570   -99.000;   108.570   158.212   -99.000;   -99.000   -99.000   -99.000;];
EW( 71, :, :) = [   152.945   107.541   -99.000;   107.541   159.200   -99.000;   -99.000   -99.000   -99.000;];
EW( 72, :, :) = [   149.938   106.558   -99.000;   106.558   160.213   -99.000;   -99.000   -99.000   -99.000;];
EW( 73, :, :) = [   146.996   105.620   -99.000;   105.620   161.252   -99.000;   -99.000   -99.000   -99.000;];
EW( 74, :, :) = [   144.117   104.729   -99.000;   104.729   162.318   -99.000;   -99.000   -99.000   -99.000;];
EW( 75, :, :) = [   141.300   103.884   -99.000;   103.884   163.412   -99.000;   -99.000   -99.000   -99.000;];
EW( 76, :, :) = [   138.546   103.087   -99.000;   103.087   164.535   -99.000;   -99.000   -99.000   -99.000;];
EW( 77, :, :) = [   135.854   102.337   -99.000;   102.337   165.689   -99.000;   -99.000   -99.000   -99.000;];
EW( 78, :, :) = [   133.224   101.635   -99.000;   101.635   166.874   -99.000;   -99.000   -99.000   -99.000;];
EW( 79, :, :) = [   130.653   100.981   -99.000;   100.981   168.092   -99.000;   -99.000   -99.000   -99.000;];
EW( 80, :, :) = [   128.143   100.375   -99.000;   100.375   169.344   -99.000;   -99.000   -99.000   -99.000;];
EW( 81, :, :) = [   125.690    99.819   -99.000;    99.819   170.631   -99.000;   -99.000   -99.000   -99.000;];
EW( 82, :, :) = [   123.296    99.312   -99.000;    99.312   171.956   -99.000;   -99.000   -99.000   -99.000;];
EW( 83, :, :) = [   120.959    98.856   -99.000;    98.856   173.319   -99.000;   -99.000   -99.000   -99.000;];
EW( 84, :, :) = [   118.677    98.450   -99.000;    98.450   174.722   -99.000;   -99.000   -99.000   -99.000;];
EW( 85, :, :) = [   116.450    98.097   -99.000;    98.097   176.165   -99.000;   -99.000   -99.000   -99.000;];
EW( 86, :, :) = [   114.276    97.798   -99.000;    97.798   177.651   -99.000;   -99.000   -99.000   -99.000;];
EW( 87, :, :) = [   112.155    97.554   -99.000;    97.554   179.179   -99.000;   -99.000   -99.000   -99.000;];
EW( 88, :, :) = [   110.086    97.372   -99.000;    97.372   180.750   -99.000;   -99.000   -99.000   -99.000;];
EW( 89, :, :) = [   108.066    97.265   -99.000;    97.265   182.365   -99.000;   -99.000   -99.000   -99.000;];
EW( 90, :, :) = [   106.096    97.278   -99.000;    97.278   184.023   -99.000;   -99.000   -99.000   -99.000;];
EW( 91, :, :) = [   104.174    97.503   -99.000;    97.503   185.712   -99.000;   -99.000   -99.000   -99.000;];
EW( 92, :, :) = [   102.299    98.034   -99.000;    98.034   187.399   -99.000;   -99.000   -99.000   -99.000;];
EW( 93, :, :) = [   100.469    98.856   -99.000;    98.856   189.073   -99.000;   -99.000   -99.000   -99.000;];
EW( 94, :, :) = [    98.685    99.894   -99.000;    99.894   190.770   -99.000;   -99.000   -99.000   -99.000;];
EW( 95, :, :) = [    96.944   101.089   -99.000;   101.089   192.522   -99.000;   -99.000   -99.000   -99.000;];
EW( 96, :, :) = [    95.245   102.404   -99.000;   102.404   194.346   -99.000;   -99.000   -99.000   -99.000;];
EW( 97, :, :) = [    93.588   103.818   -99.000;   103.818   196.248   -99.000;   -99.000   -99.000   -99.000;];
EW( 98, :, :) = [    91.971   105.319   -99.000;   105.319   198.233   -99.000;   -99.000   -99.000   -99.000;];
EW( 99, :, :) = [    90.394   106.900   -99.000;   106.900   200.302   -99.000;   -99.000   -99.000   -99.000;];
EW(100, :, :) = [    88.855   108.556   -99.000;   108.556   202.456   -99.000;   -99.000   -99.000   -99.000;];
EW(101, :, :) = [    87.353   110.286   -99.000;   110.286   204.695   -99.000;   -99.000   -99.000   -99.000;];
EW(102, :, :) = [    85.888   112.089   -99.000;   112.089   207.026   -99.000;   -99.000   -99.000   -99.000;];
EW(103, :, :) = [    84.458   113.969   -99.000;   113.969   209.451   -99.000;   -99.000   -99.000   -99.000;];
EW(104, :, :) = [    83.062   115.924   -99.000;   115.924   211.974   -99.000;   -99.000   -99.000   -99.000;];
EW(105, :, :) = [    81.701   117.955   -99.000;   117.955   214.594   -99.000;   -99.000   -99.000   -99.000;];
EW(106, :, :) = [    80.371   120.062   -99.000;   120.062   217.311   -99.000;   -99.000   -99.000   -99.000;];
EW(107, :, :) = [    79.075   122.245   -99.000;   122.245   220.126   -99.000;   -99.000   -99.000   -99.000;];
EW(108, :, :) = [    77.820   124.505   -99.000;   124.505   223.037   -99.000;   -99.000   -99.000   -99.000;];
EW(109, :, :) = [    76.749   126.841   -99.000;   126.841   226.044   -99.000;   -99.000   -99.000   -99.000;];
EW(110, :, :) = [    76.573   129.230   -99.000;   129.230   229.100   -99.000;   -99.000   -99.000   -99.000;];
EW(111, :, :) = [    77.423   131.656   -99.000;   131.656   232.177   -99.000;   -99.000   -99.000   -99.000;];
EW(112, :, :) = [    78.751   134.162   -99.000;   134.162   235.353   -99.000;   -99.000   -99.000   -99.000;];
EW(113, :, :) = [    80.314   136.762   -99.000;   136.762   238.652   -99.000;   -99.000   -99.000   -99.000;];
EW(114, :, :) = [    82.030   139.468   -99.000;   139.468   242.095   -99.000;   -99.000   -99.000   -99.000;];
EW(115, :, :) = [    83.871   142.286   -99.000;   142.286   245.694   -99.000;   -99.000   -99.000   -99.000;];
EW(116, :, :) = [    85.814   145.211   -99.000;   145.211   249.437   -99.000;   -99.000   -99.000   -99.000;];
EW(117, :, :) = [    87.842   148.239   -99.000;   148.239   253.315   -99.000;   -99.000   -99.000   -99.000;];
EW(118, :, :) = [    89.950   151.369   -99.000;   151.369   257.323   -99.000;   -99.000   -99.000   -99.000;];
EW(119, :, :) = [    92.136   154.604   -99.000;   154.604   261.466   -99.000;   -99.000   -99.000   -99.000;];
EW(120, :, :) = [    94.402   157.948   -99.000;   157.948   265.750   -99.000;   -99.000   -99.000   -99.000;];
EW(121, :, :) = [    95.331   160.080   101.087;   160.080   267.508   203.283;   101.087   203.283   152.593;];
EW(122, :, :) = [    97.675   163.528   103.215;   163.528   271.930   206.402;   103.215   206.402   155.437;];
EW(123, :, :) = [   100.102   167.112   105.433;   167.112   276.506   209.735;   105.433   209.735   158.403;];
EW(124, :, :) = [   102.618   170.831   107.739;   170.831   281.247   213.272;   107.739   213.272   161.487;];
EW(125, :, :) = [   105.228   174.686   110.134;   174.686   286.162   217.003;   110.134   217.003   164.691;];
EW(126, :, :) = [   107.934   178.677   112.621;   178.677   291.257   220.924;   112.621   220.924   168.019;];
EW(127, :, :) = [   110.737   182.806   115.199;   182.806   296.534   225.033;   115.199   225.033   171.469;];
EW(128, :, :) = [   113.636   187.070   117.866;   187.070   301.990   229.330;   117.866   229.330   175.040;];
EW(129, :, :) = [   116.628   191.468   120.620;   191.468   307.622   233.814;   120.620   233.814   178.728;];
EW(130, :, :) = [   119.713   195.998   123.461;   195.998   313.427   238.479;   123.461   238.479   182.532;];
EW(131, :, :) = [   122.889   200.660   126.386;   200.660   319.405   243.320;   126.386   243.320   186.451;];
EW(132, :, :) = [   126.157   205.452   129.396;   205.452   325.553   248.330;   129.396   248.330   190.482;];
EW(133, :, :) = [   129.514   210.373   132.489;   210.373   331.870   253.503;   132.489   253.503   194.625;];
EW(134, :, :) = [   132.960   215.420   135.665;   215.420   338.355   258.831;   135.665   258.831   198.878;];
EW(135, :, :) = [   136.493   220.592   138.922;   220.592   345.004   264.311;   138.922   264.311   203.240;];
EW(136, :, :) = [   140.113   225.886   142.257;   225.886   351.814   269.936;   142.257   269.936   207.708;];
EW(137, :, :) = [   143.815   231.296   145.670;   231.296   358.781   275.698;   145.670   275.698   212.278;];
EW(138, :, :) = [   147.597   236.817   149.157;   236.817   365.897   281.592;   149.157   281.592   216.947;];
EW(139, :, :) = [   151.455   242.444   152.714;   242.444   373.156   287.609;   152.714   287.609   221.710;];
EW(140, :, :) = [   155.383   248.166   156.337;   248.166   380.548   293.739;   156.337   293.739   226.559;];
EW(141, :, :) = [   159.361   253.961   159.987;   253.961   388.034   299.954;   159.987   299.954   231.462;];
EW(142, :, :) = [   163.400   259.834   163.700;   259.834   395.633   306.263;   163.700   306.263   236.441;];
EW(143, :, :) = [   167.490   265.773   167.467;   265.773   403.330   312.652;   167.467   312.652   241.485;];
EW(144, :, :) = [   171.623   271.763   171.278;   271.763   411.107   319.106;   171.278   319.106   246.583;];
EW(145, :, :) = [   175.795   277.793   175.130;   277.793   418.956   325.614;   175.130   325.614   251.731;];
EW(146, :, :) = [   179.983   283.836   179.000;   283.836   426.838   332.146;   179.000   332.146   256.901;];
EW(147, :, :) = [   184.175   289.871   182.876;   289.871   434.725   338.679;   182.876   338.679   262.074;];
EW(148, :, :) = [   188.353   295.874   186.742;   295.874   442.587   345.188;   186.742   345.188   267.230;];
EW(149, :, :) = [   192.499   301.818   190.582;   301.818   450.389   351.643;   190.582   351.643   272.346;];
EW(150, :, :) = [   196.594   307.674   194.378;   307.674   458.094   358.013;   194.378   358.013   277.398;];
EW(151, :, :) = [   200.617   313.413   198.113;   313.413   465.664   364.268;   198.113   364.268   282.361;];
EW(152, :, :) = [   204.548   319.007   201.767;   319.007   473.061   370.376;   201.767   370.376   287.210;];
EW(153, :, :) = [   208.369   324.425   205.326;   324.425   480.252   376.307;   205.326   376.307   291.923;];
EW(154, :, :) = [   212.056   329.634   208.766;   329.634   487.188   382.024;   208.766   382.024   296.470;];
EW(155, :, :) = [   215.587   334.604   212.071;   334.604   493.834   387.493;   212.071   387.493   300.824;];
EW(156, :, :) = [   218.947   339.306   215.223;   339.306   500.154   392.686;   215.223   392.686   304.966;];
EW(157, :, :) = [   222.106   343.704   218.200;   343.704   506.100   397.561;   218.200   397.561   308.862;];
EW(158, :, :) = [   225.045   347.768   220.981;   347.768   511.630   402.087;   220.981   402.087   312.485;];
EW(159, :, :) = [   227.751   351.475   223.557;   351.475   516.722   406.239;   223.557   406.239   315.821;];
EW(160, :, :) = [   230.199   354.793   225.905;   354.793   521.328   409.982;   225.905   409.982   318.838;];
EW(161, :, :) = [   232.359   357.685   227.998;   357.685   525.391   413.270;   227.998   413.270   321.499;];
EW(162, :, :) = [   234.214   360.127   229.820;   360.127   528.882   416.080;   229.820   416.080   323.784;];
EW(163, :, :) = [   235.758   362.108   231.368;   362.108   531.788   418.399;   231.368   418.399   325.686;];
EW(164, :, :) = [   236.986   363.619   232.636;   363.619   534.098   420.216;   232.636   420.216   327.197;];
EW(165, :, :) = [   237.890   364.651   233.618;   364.651   535.799   421.520;   233.618   421.520   328.310;];
EW(166, :, :) = [   238.462   365.192   234.306;   365.192   536.876   422.299;   234.306   422.299   329.013;];
EW(167, :, :) = [   238.695   365.238   234.694;   365.238   537.314   422.543;   234.694   422.543   329.298;];
EW(168, :, :) = [   238.583   364.783   234.778;   364.783   537.104   422.245;   234.778   422.245   329.158;];
EW(169, :, :) = [   238.126   363.829   234.556;   363.829   536.243   421.406;   234.556   421.406   328.591;];
EW(170, :, :) = [   237.323   362.383   234.029;   362.383   534.733   420.030;   234.029   420.030   327.598;];
EW(171, :, :) = [   236.181   360.455   233.203;   360.455   532.584   418.125;   233.203   418.125   326.187;];
EW(172, :, :) = [   234.708   358.060   232.084;   358.060   529.812   415.708;   232.084   415.708   324.367;];
EW(173, :, :) = [   232.915   355.217   230.684;   355.217   526.439   412.798;   230.684   412.798   322.152;];
EW(174, :, :) = [   230.817   351.949   229.014;   351.949   522.490   409.417;   229.014   409.417   319.560;];
EW(175, :, :) = [   228.430   348.282   227.091;   348.282   517.999   405.594;   227.091   405.594   316.612;];
EW(176, :, :) = [   225.773   344.244   224.931;   344.244   513.000   401.358;   224.931   401.358   313.330;];
EW(177, :, :) = [   222.867   339.865   222.552;   339.865   507.531   396.743;   222.552   396.743   309.740;];
EW(178, :, :) = [   219.732   335.178   219.975;   335.178   501.633   391.782;   219.975   391.782   305.868;];
EW(179, :, :) = [   216.393   330.215   217.218;   330.215   495.349   386.512;   217.218   386.512   301.741;];
EW(180, :, :) = [   212.871   325.008   214.304;   325.008   488.721   380.969;   214.304   380.969   297.389;];
EW(181, :, :) = [   209.189   319.591   211.252;   319.591   481.794   375.191;   211.252   375.191   292.839;];
EW(182, :, :) = [   205.371   313.996   208.083;   313.996   474.609   369.216;   208.083   369.216   288.119;];
EW(183, :, :) = [   201.439   308.255   204.818;   308.255   467.210   363.081;   204.818   363.081   283.257;];
EW(184, :, :) = [   197.414   302.397   201.476;   302.397   459.637   356.824;   201.476   356.824   278.281;];
EW(185, :, :) = [   193.318   296.453   198.077;   296.453   451.929   350.486;   198.077   350.486   273.216;];
EW(186, :, :) = [   189.170   290.448   194.638;   290.448   444.125   344.111;   194.638   344.111   268.087;];
EW(187, :, :) = [   184.991   284.410   191.179;   284.410   436.261   337.747;   191.179   337.747   262.922;];
EW(188, :, :) = [   180.799   278.365   187.723;   278.365   428.373   331.463;   187.723   331.463   257.750;];
EW(189, :, :) = [   176.617   272.340   184.291;   272.340   420.503   325.349;   184.291   325.349   252.603;];
EW(190, :, :) = [   172.472   266.371   180.908;   266.371   412.705   319.522;   180.908   319.522   247.514;];
EW(191, :, :) = [   168.388   260.489   177.593;   260.489   405.019   314.168;   177.593   314.168   242.508;];
EW(192, :, :) = [   164.258   254.594   173.712;   254.594   397.247   308.495;   173.712   308.495   236.717;];
EW(193, :, :) = [   160.194   248.822   170.462;   248.822   389.600   303.105;   170.462   303.105   231.781;];
EW(194, :, :) = [   156.260   243.655   167.431;   243.655   382.198   299.699;   167.431   299.699   227.122;];
EW(195, :, :) = [   152.423   239.557   164.054;   239.557   374.978   296.382;   164.054   296.382   221.808;];
EW(196, :, :) = [   148.707   236.483   162.550;   236.483   367.985   293.697;   162.550   293.697   218.985;];
EW(197, :, :) = [   145.164   233.086   163.571;   233.086   361.320   290.379;   163.571   290.379   220.310;];
EW(198, :, :) = [   141.458   231.348   166.899;   231.348   354.333   289.295;   166.899   289.295   224.413;];
EW(199, :, :) = [   138.679   229.051   168.866;   229.051   347.592   287.412;   168.866   287.412   226.599;];
EW(200, :, :) = [   139.834   226.716   170.982;   226.716   341.012   285.446;   170.982   285.446   228.984;];
EW(201, :, :) = [   141.833   224.481   173.365;   224.481   334.528   283.587;   173.365   283.587   231.733;];
EW(202, :, :) = [   143.845   222.310   175.758;   222.310   328.162   281.785;   175.758   281.785   234.493;];
EW(203, :, :) = [   145.858   220.219   178.151;   220.219   321.965   280.060;   178.151   280.060   237.254;];
EW(204, :, :) = [   147.869   218.209   180.542;   218.209   315.938   278.414;   180.542   278.414   240.012;];
EW(205, :, :) = [   149.870   216.276   182.922;   216.276   310.082   276.843;   182.922   276.843   242.758;];
EW(206, :, :) = [   151.858   214.418   185.284;   214.418   304.394   275.344;   185.284   275.344   245.484;];
EW(207, :, :) = [   153.823   212.632   187.621;   212.632   298.875   273.911;   187.621   273.911   248.180;];
EW(208, :, :) = [   155.759   210.912   189.922;   210.912   293.522   272.540;   189.922   272.540   250.835;];
EW(209, :, :) = [   157.656   209.255   192.178;   209.255   288.332   271.225;   192.178   271.225   253.437;];
EW(210, :, :) = [   159.506   207.656   194.379;   207.656   283.302   269.960;   194.379   269.960   255.975;];
EW(211, :, :) = [   161.300   206.110   196.515;   206.110   278.429   268.739;   196.515   268.739   258.437;];
EW(212, :, :) = [   163.031   204.612   198.575;   204.612   273.710   267.555;   198.575   267.555   260.811;];
EW(213, :, :) = [   164.692   203.156   200.553;   203.156   269.142   266.401;   200.553   266.401   263.089;];
EW(214, :, :) = [   166.276   201.736   202.440;   201.736   264.719   265.271;   202.440   265.271   265.262;];
EW(215, :, :) = [   167.777   200.348   204.228;   200.348   260.439   264.157;   204.228   264.157   267.321;];
EW(216, :, :) = [   169.189   198.985   205.910;   198.985   256.298   263.053;   205.910   263.053   269.258;];
EW(217, :, :) = [   170.506   197.641   207.478;   197.641   252.291   261.952;   207.478   261.952   271.065;];
EW(218, :, :) = [   171.722   196.312   208.925;   196.312   248.414   260.845;   208.925   260.845   272.732;];
EW(219, :, :) = [   172.830   194.991   210.243;   194.991   244.664   259.728;   210.243   259.728   274.253;];
EW(220, :, :) = [   173.826   193.674   211.425;   193.674   241.037   258.593;   211.425   258.593   275.619;];
EW(221, :, :) = [   174.704   192.355   212.464;   192.355   237.528   257.433;   212.464   257.433   276.822;];
EW(222, :, :) = [   175.457   191.030   213.355;   191.030   234.133   256.244;   213.355   256.244   277.856;];
EW(223, :, :) = [   176.082   189.694   214.091;   189.694   230.849   255.021;   214.091   255.021   278.713;];
EW(224, :, :) = [   176.573   188.343   214.667;   188.343   227.672   253.757;   214.667   253.757   279.386;];
EW(225, :, :) = [   176.926   186.974   215.078;   186.974   224.599   252.449;   215.078   252.449   279.871;];
EW(226, :, :) = [   177.139   185.583   215.320;   185.583   221.625   251.094;   215.320   251.094   280.163;];
EW(227, :, :) = [   177.209   184.169   215.393;   184.169   218.748   249.689;   215.393   249.689   280.259;];
EW(228, :, :) = [   177.136   182.729   215.293;   182.729   215.963   248.231;   215.293   248.231   280.159;];
EW(229, :, :) = [   176.918   181.261   215.022;   181.261   213.268   246.719;   215.022   246.719   279.861;];
EW(230, :, :) = [   176.558   179.765   214.581;   179.765   210.659   245.152;   214.581   245.152   279.367;];
EW(231, :, :) = [   176.057   178.240   213.973;   178.240   208.134   243.530;   213.973   243.530   278.679;];
EW(232, :, :) = [   175.418   176.687   213.200;   176.687   205.689   241.855;   213.200   241.855   277.802;];
EW(233, :, :) = [   174.644   175.104   212.267;   175.104   203.321   240.125;   212.267   240.125   276.740;];
EW(234, :, :) = [   173.740   173.495   211.180;   173.495   201.028   238.345;   211.180   238.345   275.500;];
EW(235, :, :) = [   172.711   171.859   209.945;   171.859   198.807   236.516;   209.945   236.516   274.090;];
EW(236, :, :) = [   171.564   170.199   208.570;   170.199   196.655   234.640;   208.570   234.640   272.516;];
EW(237, :, :) = [   170.299   168.515   207.057;   168.515   194.570   232.720;   207.057   232.720   270.780;];
EW(238, :, :) = [   168.889   166.813   205.379;   166.813   192.549   230.762;   205.379   230.762   268.846;];
EW(239, :, :) = [   167.169   165.098   203.375;   165.098   190.590   228.776;   203.375   228.776   266.487;];
EW(240, :, :) = [   165.801   163.369   201.706;   163.369   188.692   226.759;   201.706   226.759   264.610;];
EW(241, :, :) = [   164.212   161.618   199.802;   161.618   186.850   224.702;   199.802   224.702   262.430;];
EW(242, :, :) = [   162.518   159.842   197.779;   159.842   185.065   222.599;   197.779   222.599   260.105;];
EW(243, :, :) = [   160.591   157.904   195.512;   157.904   183.333   220.265;   195.512   220.265   257.461;];
EW(244, :, :) = [   158.486   156.004   193.057;   156.004   181.653   217.974;   193.057   217.974   254.573;];
EW(245, :, :) = [   156.777   154.402   190.989;   154.402   180.022   216.082;   190.989   216.082   252.226;];
EW(246, :, :) = [   155.101   152.759   188.947;   152.759   178.439   214.125;   188.947   214.125   249.926;];
EW(247, :, :) = [   153.181   151.010   186.655;   151.010   176.903   212.014;   186.655   212.014   247.289;];
EW(248, :, :) = [   151.208   149.278   184.304;   149.278   175.419   209.916;   184.304   209.916   244.577;];
EW(249, :, :) = [   149.258   147.594   181.971;   147.594   173.978   207.878;   181.971   207.878   241.894;];
EW(250, :, :) = [   147.331   145.903   179.656;   145.903   172.580   205.822;   179.656   205.822   239.238;];
EW(251, :, :) = [   145.407   144.243   177.337;   144.243   171.223   203.801;   177.337   203.801   236.578;];
EW(252, :, :) = [   143.561   142.597   175.068;   142.597   169.907   201.791;   175.068   201.791   233.986;];
EW(253, :, :) = [   142.771   140.965   172.836;   140.965   168.630   199.793;   172.836   199.793   231.443;];
EW(254, :, :) = [   144.949   139.355   170.480;   139.355   167.390   197.819;   170.480   197.819   228.725;];
EW(255, :, :) = [   147.589   137.774   168.136;   137.774   166.188   195.876;   168.136   195.876   226.021;];
EW(256, :, :) = [   150.268   136.219   165.815;   136.219   165.022   193.963;   165.815   193.963   223.342;];
EW(257, :, :) = [   152.980   134.692   163.519;   134.692   163.891   192.081;   163.519   192.081   220.691;];
EW(258, :, :) = [   155.723   133.195   161.253;   133.195   162.794   190.232;   161.253   190.232   218.073;];
EW(259, :, :) = [   158.495   131.731   159.021;   131.731   161.731   188.422;   159.021   188.422   215.493;];
EW(260, :, :) = [   161.294   130.306   156.832;   130.306   160.702   186.656;   156.832   186.656   212.961;];
EW(261, :, :) = [   164.117   128.921   154.691;   128.921   159.704   184.937;   154.691   184.937   210.483;];
EW(262, :, :) = [   166.963   127.581   152.592;   127.581   158.739   183.270;   152.592   183.270   208.050;];
EW(263, :, :) = [   169.827   126.272   150.282;   126.272   157.804   181.634;   150.282   181.634   205.306;];
EW(264, :, :) = [   172.708   124.881   146.991;   124.881   156.899   179.869;   146.991   179.869   201.170;];
EW(265, :, :) = [   175.602   123.127   145.457;   123.127   156.013   177.576;   145.457   177.576   199.450;];
EW(266, :, :) = [   178.507   121.314   144.262;   121.314   155.094   175.155;   144.262   175.155   198.173;];
EW(267, :, :) = [   181.419   120.167   143.167;   120.167   153.812   173.601;   143.167   173.601   196.890;];
EW(268, :, :) = [   184.335   119.362   143.463;   119.362   151.468   172.409;   143.463   172.409   195.378;];
EW(269, :, :) = [   187.252   118.956   145.796;   118.956   149.547   171.374;   145.796   171.374   193.542;];
EW(270, :, :) = [   190.167   119.758   148.331;   119.758   148.779   170.317;   148.331   170.317   192.174;];
EW(271, :, :) = [   193.078   121.732   150.890;   121.732   148.288   169.003;   150.890   169.003   190.787;];
EW(272, :, :) = [   195.980   123.951   153.462;   123.951   147.850   167.771;   153.462   167.771   189.335;];
EW(273, :, :) = [   198.873   126.239   156.041;   126.239   147.278   166.856;   156.041   166.856   187.865;];
EW(274, :, :) = [   201.755   128.566   158.624;   128.566   146.616   166.039;   158.624   166.039   186.333;];
EW(275, :, :) = [   204.627   130.917   161.209;   130.917   146.097   165.198;   161.209   165.198   184.784;];
EW(276, :, :) = [   207.488   133.286   163.797;   133.286   145.750   164.328;   163.797   164.328   183.190;];
EW(277, :, :) = [   210.343   135.669   166.386;   135.669   145.455   163.472;   166.386   163.472   181.563;];
EW(278, :, :) = [   213.198   138.065   168.982;   138.065   145.156   162.602;   168.982   162.602   179.945;];
EW(279, :, :) = [   216.059   140.475   171.588;   140.475   144.821   161.705;   171.588   161.705   178.343;];
EW(280, :, :) = [   218.936   142.900   174.210;   142.900   144.473   160.812;   174.210   160.812   176.762;];
EW(281, :, :) = [   221.838   145.340   176.854;   145.340   144.134   154.250;   176.854   154.250   175.195;];
EW(282, :, :) = [   224.767   147.785   179.519;   147.785   143.818   153.579;   179.519   153.579   173.705;];
EW(283, :, :) = [   227.711   150.153   182.197;   150.153    85.625     0.000;   182.197     0.000   172.346;];
EW(284, :, :) = [   230.632   -99.000   184.859;   -99.000   -99.000   -99.000;   184.859   -99.000   171.152;];
EW(285, :, :) = [   233.442   -99.000   187.438;   -99.000   -99.000   -99.000;   187.438   -99.000   170.148;];
EW(286, :, :) = [   235.931   -99.000   189.770;   -99.000   -99.000   -99.000;   189.770   -99.000   156.359;];
EW(287, :, :) = [   237.496   -99.000   -99.000;   -99.000   -99.000   -99.000;   -99.000   -99.000   -99.000;];
EW(288, :, :) = [   235.367   -99.000   -99.000;   -99.000   -99.000   -99.000;   -99.000   -99.000   -99.000;];
