tt = [
0.000000
40.000000
80.000000
120.000000
160.000000
200.000000
240.000000
280.000000
320.000000
360.000000
400.000000
440.000000
480.000000
520.000000
560.000000
600.000000
640.000000
680.000000
720.000000
760.000000
800.000000
840.000000
880.000000
920.000000
960.000000
1000.000000
1040.000000
1080.000000
1120.000000
1160.000000
1200.000000
1240.000000
1280.000000
1320.000000
1360.000000
1400.000000
1435.000000
];
lf_b2 = [
-65430.514294
-77626.503575
-98788.659121
-121949.276894
-141379.549809
-158862.639667
-172503.039288
-180828.142562
-182712.306697
-177345.166555
-164529.577013
-145164.082503
-121506.521393
-96676.659119
-73501.776140
-53629.863845
-37497.298866
-24824.218407
-15111.287892
-7938.537666
-3097.220596
-612.587745
-646.220898
-3184.174265
-7624.140532
-16205.284155
-29335.201939
-46941.488325
-62102.379778
-72858.922426
-87028.502264
-103238.272620
-114661.555720
-119246.063663
-115983.324861
-105524.223313
-92352.058266
];
lf_b23 = [
-61399.697476	-61254.152963	-62580.395724	-69752.030088	-84977.410258	-102466.437028	-120479.678926	-137918.954133	-153524.433779	-166783.165147	-177960.950696	-187048.692254	-194537.597665	-201396.972694	-208094.406499	-214233.069108	-219204.492944	-222569.049122	-224035.230034	-223380.556412	-220378.272893	-214604.706863	-204953.075218	-189754.648213	-166846.567336	-135166.436069	-99002.281878	-67829.012573	-47773.674665	-39400.340162	-41590.374784	-51733.357797	-62388.712802	-66724.905410	-63404.981131	-53363.095618	-42633.629974	
-74189.990962	-74044.414145	-73881.919806	-76529.206999	-88543.323439	-108301.856477	-128469.809095	-147647.272966	-164287.604100	-177454.543596	-188405.976426	-197247.184704	-204532.644968	-211266.113193	-217896.988218	-223999.258600	-228952.841077	-232330.697902	-233881.500034	-233408.133737	-230658.871672	-225173.643471	-215820.410015	-200915.510141	-178287.813761	-146870.760411	-110951.702915	-80004.748536	-60155.780222	-51969.466840	-54341.408780	-64610.453880	-75314.267459	-79726.175666	-76518.082930	-66588.881369	-55889.479446	
-96034.958074	-95889.372431	-95726.866037	-95544.715228	-98240.354058	-111499.080307	-133324.854794	-155338.531194	-174877.799258	-189765.172152	-201973.193743	-211913.879975	-220102.711269	-227571.225614	-234788.657354	-241327.508665	-246590.370552	-250217.422544	-252046.921588	-251910.260778	-249530.302998	-244421.969314	-235437.190973	-220882.829476	-198583.089626	-167469.621992	-131831.153470	-101143.584711	-81532.243354	-73557.462357	-76116.805782	-86508.457344	-97227.023415	-101668.510045	-98509.657645	-88631.808484	-77946.466206	
-120015.362833	-119884.407949	-119707.182878	-119525.018318	-119319.910149	-121980.872895	-135078.016911	-157007.380313	-178977.882325	-196480.766373	-210277.920077	-221846.480752	-231586.983541	-240497.107657	-249051.614676	-256793.971609	-263110.159393	-267699.747664	-270452.740904	-271161.634111	-269519.930669	-265051.405485	-256624.203432	-242558.307575	-220688.938712	-189956.779446	-154658.560874	-124277.011336	-104940.784073	-97208.129845	-99969.086577	-110490.923524	-121197.508052	-125618.811718	-122442.162568	-112546.511318	-101856.246397	
-140607.120062	-143927.903263	-140440.763031	-139916.961995	-139711.839972	-139479.753548	-142105.610966	-155127.765739	-177030.184731	-197302.645411	-212663.670225	-225801.226501	-237191.019782	-247698.090150	-257777.126674	-266968.527697	-274654.104622	-280568.210082	-284506.978606	-286200.081985	-285390.548142	-281642.634579	-273845.023500	-260330.526469	-238945.835132	-208641.734250	-173722.585735	-143677.600586	-124641.198652	-117175.436517	-120162.238058	-130844.649838	-141547.698008	-145927.705914	-142707.273074	-132766.919296	-122064.299753	
-159103.843080	-164464.190912	-163027.845828	-158802.174814	-158306.883728	-158074.783738	-157810.779698	-160398.021410	-173368.851142	-194690.910524	-211883.885414	-226195.340118	-239158.043783	-251328.671387	-263043.173954	-273850.642189	-283179.325322	-290649.714429	-295886.156103	-298678.737644	-298819.836915	-295898.986641	-288822.662550	-275937.703139	-255104.336640	-225285.186425	-190793.721045	-161127.355174	-142427.231952	-135260.382651	-138505.775386	-149390.208408	-160128.241360	-164473.091600	-161226.208755	-151259.361817	-140549.433072	
-173932.172146	-179606.072607	-180603.405907	-178582.680768	-173952.161518	-173003.414291	-172739.396662	-172437.353002	-174978.964870	-187883.175899	-206901.152768	-221579.083340	-235709.396387	-249458.926738	-262861.873633	-275430.769713	-286643.396867	-295820.130440	-302518.930286	-306580.928944	-307822.240540	-305856.465399	-299610.383510	-287447.255044	-267243.621634	-237975.930410	-203969.048875	-174730.187964	-156408.491038	-149577.198318	-153114.745342	-164238.464234	-175055.755741	-179360.448142	-176091.163986	-166102.261811	-155386.359366	
-183750.831638	-188761.899208	-191698.312659	-192591.188679	-190392.120841	-184131.668387	-182559.182241	-182257.124752	-181909.381613	-184395.887010	-196713.184770	-211668.038036	-225781.974667	-240704.639061	-255726.289207	-270199.795951	-283405.967928	-294410.922446	-302773.320091	-308303.821735	-310820.841237	-309961.398374	-304674.561742	-293342.365748	-273860.808497	-245222.784011	-211767.163701	-183012.802716	-165118.456161	-158664.984245	-162532.039920	-173932.750359	-184883.403320	-189141.423632	-185850.313832	-175840.438214	-165119.008153	
-187371.662959	-191389.204942	-195554.868730	-199195.313862	-200147.304271	-196370.957515	-187837.670367	-185877.934156	-185530.176399	-185127.051341	-187544.602831	-197256.953871	-209430.237120	-224349.983642	-240663.184235	-257077.418499	-272220.876390	-285129.038903	-295350.727731	-302570.054180	-306566.136844	-306991.185071	-302816.414678	-292444.386440	-273793.973955	-245877.911337	-213051.890847	-184848.731222	-167438.757345	-161412.116857	-165651.513208	-177369.801068	-188515.267412	-192726.795957	-189414.036476	-179384.400344	-168657.933878	
-184025.018609	-187321.444192	-191819.504492	-197634.849369	-201816.399558	-201236.471658	-195194.813237	-184113.874794	-182183.505592	-181780.362642	-181309.490826	-183408.651123	-188526.564010	-200799.217483	-217416.853809	-235396.979426	-252273.672885	-267062.241169	-279268.834857	-288398.079600	-294102.430833	-296020.022090	-293138.059866	-283879.343994	-266189.285633	-239104.315538	-207000.228085	-179426.618765	-162567.740761	-157025.017596	-161686.281846	-173767.057546	-185170.752372	-189350.675116	-186015.596062	-175968.001917	-165237.117732	
-173562.678111	-176708.087741	-180691.501160	-187958.283208	-195105.502601	-197857.936786	-195019.554405	-186425.374517	-172824.591064	-171317.993786	-170847.082710	-170292.612534	-170952.687426	-172795.889484	-187117.660685	-205398.397436	-223528.535031	-240032.493473	-254208.236379	-265412.405312	-273066.182440	-276714.639154	-275338.170362	-267373.994397	-250797.483405	-224672.865871	-193399.849414	-166548.131865	-150318.716009	-145326.673412	-150467.315691	-162961.065154	-174684.438725	-178869.062650	-175507.986719	-165444.654555	-154710.026284	
-156939.148098	-159962.415906	-163349.418405	-171419.548127	-181030.973531	-186964.463875	-187473.665939	-182084.219950	-170897.673566	-155421.463336	-154223.522921	-153668.828043	-153009.933441	-152333.289875	-153628.749310	-169158.118466	-187373.686077	-205131.117782	-221078.477634	-234366.432594	-244175.785369	-249815.905944	-250192.543413	-243736.422568	-228454.803773	-203443.748946	-173131.067702	-147110.387096	-131602.788229	-127239.803217	-132926.826511	-145890.800646	-157992.276461	-162243.163793	-158846.126994	-148769.425975	-138031.709862	
