tt = [
0.000000
40.000000
80.000000
120.000000
160.000000
200.000000
240.000000
280.000000
320.000000
360.000000
400.000000
440.000000
480.000000
520.000000
560.000000
600.000000
640.000000
680.000000
720.000000
760.000000
800.000000
840.000000
880.000000
920.000000
960.000000
1000.000000
1040.000000
1080.000000
1120.000000
1160.000000
1200.000000
1240.000000
1280.000000
1320.000000
1360.000000
1400.000000
1435.000000
];
ll_b2 = [
-1764838.527391
-1755434.535070
-1744636.276961
-1732159.685130
-1717641.704000
-1700611.044027
-1680465.886255
-1666098.604613
-1706788.696805
-1771713.219122
-1837828.360893
-1883842.142432
-1897835.286888
-1872773.103441
-1809391.079420
-1717974.392555
-1613689.120442
-1513591.136642
-1430478.166615
-1369964.075130
-1332872.238597
-1319387.227241
-1334423.552507
-1390256.008281
-1476071.282268
-1582657.696392
-1699234.825105
-1805208.577821
-1876067.878235
-1897477.857991
-1872715.882369
-1815995.977560
-1746693.550964
-1687250.008418
-1652359.435101
-1643161.507648
-1652390.558978
];
ll_b23 = [
-1971600.227569	-1970213.700130	-1968681.607833	-1966983.249879	-1965094.294822	-1962986.184206	-1960625.799350	-1957976.697880	-1955009.509284	-1951794.497625	-1949842.911692	-1961744.623312	-1996555.594313	-2046085.326049	-2105949.773768	-2170363.002574	-2231323.280125	-2280960.960502	-2313973.961534	-2328185.729440	-2323572.364923	-2301112.859086	-2261942.229498	-2207238.993528	-2138410.560701	-2057926.964570	-1970721.287585	-1883032.307567	-1801234.648936	-1731931.082786	-1680206.078023	-1647651.447915	-1636031.028394	-1655821.144761	-1682808.185360	-1695838.706007	-1718119.529305	
-1963568.306458	-1962181.605246	-1960649.269697	-1958950.553035	-1957061.036074	-1954951.976569	-1952589.836413	-1949937.140506	-1946961.912060	-1943725.553462	-1941643.673038	-1953043.121449	-1987129.189361	-2036036.525877	-2095440.138939	-2159522.593331	-2220250.315087	-2269723.841274	-2302622.624399	-2316758.200683	-2312100.306179	-2289626.205390	-2250476.883041	-2195843.003402	-2127153.767477	-2046903.349826	-1960041.519729	-1872805.274555	-1791544.470289	-1722821.370641	-1671661.894351	-1639515.902858	-1627985.348244	-1647778.837599	-1674772.503029	-1687804.974138	-1710086.555425	
-1954388.677565	-1953001.813547	-1951469.251177	-1949770.203210	-1947880.172644	-1945770.254710	-1943406.538625	-1940750.609529	-1937767.976587	-1934512.929197	-1932334.923389	-1943216.417487	-1976390.898511	-2024475.377482	-2083274.707792	-2146930.000789	-2207362.485274	-2256631.077445	-2289389.388815	-2303432.699742	-2298722.142009	-2276232.815620	-2237113.896165	-2182573.134812	-2114068.685718	-2034123.080282	-1947699.363368	-1861022.861112	-1780407.783475	-1712368.658814	-1661869.702700	-1630209.925821	-1618792.376884	-1638587.908059	-1665588.837949	-1678623.400940	-1700905.781048	
-1943824.947929	-1942437.936394	-1940905.170671	-1939205.829323	-1937315.350274	-1935204.694025	-1932839.641651	-1930180.991052	-1927192.031285	-1923920.639827	-1921679.878901	-1932094.730670	-1964149.469397	-2011123.263064	-2069108.783375	-2132198.362805	-2192247.277082	-2241254.760828	-2273837.177709	-2287767.007302	-2282993.464944	-2260489.007089	-2221414.712320	-2167003.278894	-2098751.181540	-2019211.372480	-1933350.964620	-1847368.778740	-1767530.851064	-1700297.495088	-1650569.805265	-1619489.489483	-1608216.368958	-1628012.010881	-1655020.835525	-1668057.615289	-1690340.824268	
-1931569.924020	-1930182.784088	-1928649.843662	-1926950.254132	-1925059.402550	-1922948.145708	-1920582.030398	-1917921.256806	-1914927.375975	-1911642.744793	-1909360.205537	-1919441.816184	-1950212.543176	-1995663.540657	-2052518.669033	-2114836.522211	-2174373.229141	-2223039.875829	-2255397.286080	-2269184.934401	-2264335.087112	-2241817.269573	-2202811.172798	-2148586.898432	-2080689.486552	-2001697.869151	-1916565.164383	-1831444.118869	-1752540.055475	-1686254.511721	-1637426.274189	-1607036.692833	-1595950.856097	-1615744.041049	-1642761.357964	-1655800.456503	-1678084.510949	
-1917217.353008	-1915830.105792	-1914297.021618	-1912597.231648	-1910706.085907	-1908594.367499	-1906227.460660	-1903565.158398	-1900567.825368	-1897273.789628	-1894961.247880	-1904869.015154	-1934393.431004	-1977765.080218	-2032993.450565	-2094220.978153	-2153050.799849	-2201259.387878	-2233321.459586	-2246926.931454	-2241983.311927	-2219458.048166	-2180562.266538	-2126621.398876	-2059234.626666	-1980989.138293	-1896795.458103	-1812738.403394	-1734952.551687	-1669779.049753	-1621997.608535	-1592430.375686	-1581590.225923	-1601377.870304	-1628404.220996	-1641445.713054	-1663730.614575	
-1900240.298611	-1898852.965150	-1897319.767369	-1895619.822322	-1893728.454900	-1891616.399830	-1889248.938422	-1886585.615060	-1883586.089194	-1880286.257313	-1877954.156266	-1887777.315652	-1916446.920464	-1957162.757261	-2009959.585638	-2069580.133189	-2127394.739424	-2174965.604617	-2206627.795586	-2219993.647500	-2214933.983444	-2192419.510620	-2153716.152104	-2100222.724602	-2033581.072534	-1956349.310656	-1873358.863465	-1790607.468311	-1714153.964399	-1650280.870449	-1603714.355432	-1575123.332815	-1564607.811265	-1584386.717262	-1611422.563742	-1624466.494912	-1646752.229931	
-1889441.007943	-1888053.607798	-1886520.323502	-1884820.262361	-1882928.732039	-1880816.433660	-1878448.572731	-1875784.478321	-1872782.922367	-1869473.528553	-1867047.492938	-1876098.712603	-1903083.211773	-1940537.283796	-1989491.208982	-2046573.926398	-2102863.297560	-2149555.837423	-2180761.882665	-2193996.402224	-2189111.900324	-2167100.838146	-2129253.599937	-2076951.907612	-2011777.434467	-1936190.168074	-1854916.274256	-1773864.237866	-1699026.579048	-1636650.667843	-1591441.308283	-1563940.807862	-1553814.643389	-1573573.843166	-1600618.817445	-1613665.138256	-1635951.662959	
-1934365.151223	-1932977.699611	-1931444.349477	-1929744.201379	-1927852.551087	-1925740.075977	-1923371.924217	-1920707.238334	-1917703.860016	-1914383.617493	-1911833.125798	-1919805.088750	-1944325.235553	-1977395.350926	-2020276.114148	-2073008.678835	-2126850.888263	-2172294.484210	-2203062.552289	-2216534.854451	-2212507.326454	-2191885.494910	-2155860.013230	-2105691.790774	-2042824.277634	-1969582.196564	-1890589.194822	-1811683.860412	-1738812.242286	-1678207.659679	-1634576.998787	-1608359.771570	-1598748.372169	-1618484.404662	-1645538.590483	-1658587.299549	-1680874.579319	
-2004311.808715	-2002924.319144	-2001390.920093	-1999690.707560	-1997798.968415	-1995686.360996	-1993317.981161	-1990652.770866	-1987647.413337	-1984313.139119	-1981590.120248	-1988109.452234	-2009792.626609	-2038904.416962	-2073122.321395	-2117566.279098	-2167040.572750	-2210557.374723	-2240980.797476	-2255302.501656	-2253028.271672	-2234848.871711	-2201794.426711	-2154901.102075	-2095369.439456	-2025339.695752	-1949333.027282	-1873133.874764	-1802658.865934	-1744152.521066	-1702356.093688	-1677639.644963	-1668704.157215	-1688417.733317	-1715481.019644	-1728532.091831	-1750820.081510	
-2076342.268076	-2074954.755268	-2073421.324790	-2071721.069022	-2069829.263981	-2067716.546204	-2065347.945500	-2062682.112424	-2059673.898205	-2056317.160730	-2053310.617926	-2057518.897186	-2075045.067399	-2099936.063675	-2127806.861101	-2157720.798051	-2197502.870748	-2237485.497153	-2267634.263184	-2283666.145967	-2284450.928210	-2270317.223540	-2241956.901111	-2199993.212776	-2145263.781759	-2079683.858249	-2007673.732850	-1934971.138849	-1867474.482860	-1811475.490548	-1771804.147887	-1748812.729451	-1740739.134716	-1760435.638160	-1787507.442214	-1800560.824593	-1822849.475293	
