t = [
0.000000
5.000000
10.000000
15.000000
20.000000
25.000000
30.000000
35.000000
40.000000
45.000000
50.000000
55.000000
60.000000
65.000000
70.000000
75.000000
80.000000
85.000000
90.000000
95.000000
100.000000
105.000000
110.000000
115.000000
120.000000
125.000000
130.000000
135.000000
140.000000
145.000000
150.000000
155.000000
160.000000
165.000000
170.000000
175.000000
180.000000
185.000000
190.000000
195.000000
200.000000
205.000000
210.000000
215.000000
220.000000
225.000000
230.000000
235.000000
240.000000
245.000000
250.000000
255.000000
260.000000
265.000000
270.000000
275.000000
280.000000
285.000000
290.000000
295.000000
300.000000
305.000000
310.000000
315.000000
320.000000
325.000000
330.000000
335.000000
340.000000
345.000000
350.000000
355.000000
360.000000
365.000000
370.000000
375.000000
380.000000
385.000000
390.000000
395.000000
400.000000
405.000000
410.000000
415.000000
420.000000
425.000000
430.000000
435.000000
440.000000
445.000000
450.000000
455.000000
460.000000
465.000000
470.000000
475.000000
480.000000
485.000000
490.000000
495.000000
500.000000
505.000000
510.000000
515.000000
520.000000
525.000000
530.000000
535.000000
540.000000
545.000000
550.000000
555.000000
560.000000
565.000000
570.000000
575.000000
580.000000
585.000000
590.000000
595.000000
600.000000
605.000000
610.000000
615.000000
620.000000
625.000000
630.000000
635.000000
640.000000
645.000000
650.000000
655.000000
660.000000
665.000000
670.000000
675.000000
680.000000
685.000000
690.000000
695.000000
700.000000
705.000000
710.000000
715.000000
720.000000
725.000000
730.000000
735.000000
740.000000
745.000000
750.000000
755.000000
760.000000
765.000000
770.000000
775.000000
780.000000
785.000000
790.000000
795.000000
800.000000
805.000000
810.000000
815.000000
820.000000
825.000000
830.000000
835.000000
840.000000
845.000000
850.000000
855.000000
860.000000
865.000000
870.000000
875.000000
880.000000
885.000000
890.000000
895.000000
900.000000
905.000000
910.000000
915.000000
920.000000
925.000000
930.000000
935.000000
940.000000
945.000000
950.000000
955.000000
960.000000
965.000000
970.000000
975.000000
980.000000
985.000000
990.000000
995.000000
1000.000000
1005.000000
1010.000000
1015.000000
1020.000000
1025.000000
1030.000000
1035.000000
1040.000000
1045.000000
1050.000000
1055.000000
1060.000000
1065.000000
1070.000000
1075.000000
1080.000000
1085.000000
1090.000000
1095.000000
1100.000000
1105.000000
1110.000000
1115.000000
1120.000000
1125.000000
1130.000000
1135.000000
1140.000000
1145.000000
1150.000000
1155.000000
1160.000000
1165.000000
1170.000000
1175.000000
1180.000000
1185.000000
1190.000000
1195.000000
1200.000000
1205.000000
1210.000000
1215.000000
1220.000000
1225.000000
1230.000000
1235.000000
1240.000000
1245.000000
1250.000000
1255.000000
1260.000000
1265.000000
1270.000000
1275.000000
1280.000000
1285.000000
1290.000000
1295.000000
1300.000000
1305.000000
1310.000000
1315.000000
1320.000000
1325.000000
1330.000000
1335.000000
1340.000000
1345.000000
1350.000000
1355.000000
1360.000000
1365.000000
1370.000000
1375.000000
1380.000000
1385.000000
1390.000000
1395.000000
1400.000000
1405.000000
1410.000000
1415.000000
1420.000000
1425.000000
1430.000000
1435.000000
];
lf_b1 = [
-58359.393625
-58692.414611
-59008.865098
-59306.457902
-59583.019759
-59836.521026
-60065.102031
-60267.095493
-60441.044438
-60585.715297
-60700.106078
-60783.449751
-60835.213116
-60855.091465
-60842.999399
-60799.058217
-60723.580407
-60617.051922
-60480.112989
-60313.538163
-60118.216227
-59895.130392
-59645.339118
-59369.957854
-59070.141928
-58747.070836
-58401.934106
-58035.918880
-57650.199263
-57245.927470
-56824.226649
-56386.185267
-55932.852839
-55465.236750
-54984.299928
-54490.959110
-53986.083486
-53470.493553
-52944.960079
-52410.203115
-51866.891081
-51315.639994
-50757.012915
-50191.519748
-49619.617488
-49041.710987
-48458.154290
-47869.252525
-47275.264309
-46676.404600
-46072.847906
-45464.731769
-44852.160448
-44235.208729
-43613.925841
-42988.339448
-42358.459727
-41724.283525
-41085.798582
-40442.987788
-39795.833419
-39144.321308
-38488.444902
-37828.209176
-37163.634347
-36494.759363
-35821.645110
-35144.377332
-34463.069208
-33777.863583
-33088.934815
-32396.490185
-31700.770866
-31002.052433
-30300.644912
-29596.892407
-28891.172301
-28183.894094
-27475.497856
-26766.452449
-26057.253416
-25348.420695
-24640.496166
-23934.041078
-23229.633423
-22527.865286
-21829.340222
-21134.670697
-20444.475630
-19759.378063
-19080.002993
-18406.975381
-17740.918371
-17082.451725
-16432.190504
-15790.743995
-15158.714916
-14536.698876
-13925.284126
-13325.051574
-12736.575070
-12160.421934
-11597.153704
-11047.327085
-10511.495021
-9990.207881
-9484.014666
-8993.464176
-8519.106076
-8061.491757
-7621.174923
-7198.711814
-6794.660967
-6409.582437
-6044.036398
-5698.581029
-5373.769629
-5070.146898
-4788.244330
-4528.574692
-4291.625591
-4077.852122
-3887.668694
-3721.440091
-3579.471954
-3462.000891
-3369.184524
-3301.091870
-3257.694552
-3238.859473
-3244.343692
-3273.792375
-3326.740823
-3402.621824
-3500.779413
-3620.490867
-3760.998549
-3921.553958
-4101.476965
-4300.234202
-4517.541737
-4753.497933
-5008.750150
-5284.685145
-5583.577319
-5908.436835
-6261.831248
-6642.887222
-7044.735752
-7457.369212
-7873.631628
-8292.054215
-8717.430287
-9163.171568
-9658.618056
-10260.757478
-11052.342679
-12098.886351
-13402.647471
-14916.252502
-16583.536355
-18360.145670
-20214.930499
-22126.141929
-24078.155403
-26059.372173
-28060.914432
-30075.774246
-32098.208725
-34123.272690
-36146.462429
-38163.493478
-40170.200390
-42162.540351
-44136.772890
-46089.666417
-48018.591122
-49921.479765
-51796.744726
-53643.217550
-55460.090197
-57246.828084
-59003.082507
-60728.634872
-62423.356903
-64087.185656
-65720.112450
-67322.174138
-68893.443023
-70434.017911
-71944.017894
-73423.578101
-74872.846486
-76291.981189
-77681.148284
-79040.519827
-80370.272129
-81670.584251
-82941.636663
-84183.610071
-85396.684371
-86581.037725
-87736.845744
-88864.280772
-89963.511247
-91034.701145
-92078.009497
-93093.589967
-94081.590497
-95042.152996
-95975.413096
-96881.499940
-97760.536023
-98612.637066
-99437.911927
-100236.462390
-101008.383839
-101753.763667
-102472.683246
-103165.216349
-103831.429840
-104471.383491
-105085.129930
-105672.714552
-106234.175403
-106769.543024
-107278.840255
-107762.082000
-108219.274943
-108650.417239
-109055.498166
-109434.497749
-109787.386382
-110114.124434
-110414.661870
-110688.937897
-110936.880648
-111158.406924
-111353.422002
-111521.819544
-111663.481601
-111778.278752
-111866.070378
-111926.705091
-111960.021344
-111965.848212
-111944.006375
-111894.309298
-111816.564614
-111710.575715
-111576.143546
-111413.068600
-111221.153115
-111000.203472
-110750.032789
-110470.463722
-110161.331486
-109822.487098
-109453.800860
-109055.166118
-108626.503293
-108167.764239
-107678.936928
-107160.050495
-106611.180672
-106032.455595
-105424.062006
-104786.251815
-104119.348985
-103423.756666
-102699.964482
-101948.555825
-101170.215003
-100365.734014
-99536.018718
-98682.094141
-97805.108622
-96906.336508
-95987.179122
-95049.163723
-94093.940250
-93123.275659
-92139.045776
-91143.224628
-90137.871335
-89125.114751
-88107.136097
-87086.149972
];
tt = [
0.000000
25.000000
50.000000
75.000000
100.000000
125.000000
150.000000
175.000000
200.000000
225.000000
250.000000
275.000000
300.000000
325.000000
350.000000
375.000000
400.000000
425.000000
450.000000
475.000000
500.000000
525.000000
550.000000
575.000000
600.000000
625.000000
650.000000
675.000000
700.000000
725.000000
750.000000
775.000000
800.000000
825.000000
850.000000
875.000000
900.000000
925.000000
950.000000
975.000000
1000.000000
1025.000000
1050.000000
1075.000000
1100.000000
1125.000000
1150.000000
1175.000000
1200.000000
1225.000000
1250.000000
1275.000000
1300.000000
1325.000000
1350.000000
1375.000000
1400.000000
1425.000000
1435.000000
];
