beta = 0.950000;
theta = 1.000000;
VoT0 = 60.000000;
Um0 = [ 3600.000000 2500.000000 1200.000000 
3600.000000 2500.000000 1200.000000 
];
b0 = [ 0.000000 840.000000 1140.000000 
0.000000 840.000000 1140.000000 
];
c0 = [ 320.000000 180.000000 210.000000 
320.000000 180.000000 210.000000 
];
