beta = 0.950000;
theta = 0.200000;
VoT0 = 60.000000;
Um0 = [ 1000.000000 2500.000000 3000.000000 
1000.000000 2500.000000 4000.000000 
];
b0 = [ 0.000000 840.000000 1140.000000 
0.000000 840.000000 1140.000000 
];
c0 = [ 320.000000 180.000000 120.000000 
320.000000 180.000000 120.000000 
];
