solve_message = 'Locally optimal solution';
solve_return =     0;
ml = -132896.489128;
beta = 0.950000;
theta = 0.200000;
VoT_ = 60.000000;
Um_ = [ 1737.475487 1214.832613 304.420789 ];
b_ = [ 0.000485 699.304111 1113.235191 ];
c_ = [ 278.270158 163.346825 54.879547 ];
