solve_message = 'Locally optimal solution';
solve_return =     0;
ml = -1319370.647632;
n1 = 1;
beta = 0.950000;
theta = 0.200000;
Um_ = [ 3517.092727 2480.985839 2050.825322 ];
b_ = [ 0.006215 841.396139 1139.881119 ];
c_ = [ 304.821912 168.030368 219.317815 ];
