solve_message = 'Locally optimal solution';
solve_return =     0;
ml = -39409.441989;
beta = 0.970000;
theta = 0.200000;
VoT_ = 60.000000;
Um_ = [ 2149.841736 1492.386669 375.135147 ];
b_ = [ 0.061889 701.638720 1112.554009 ];
c_ = [ 385.381025 202.613615 60.554023 ];
