solve_message = 'Locally optimal solution';
solve_return =     0;
ml = -2378.462682;
beta = 0.970000;
theta = 1.000000;
VoT_ = 60.000000;
Um_ = [ 2406.210540 2789.104587 1174.205516 ];
b_ = [ 124.838805 836.018677 1141.397538 ];
c_ = [ 240.000000 180.000000 210.000000 ];
