solve_message = 'Locally optimal solution';
solve_return =     0;
ml = -132936.365224;
beta = 0.950000;
theta = 0.200000;
VoT_ = 60.000000;
Um_ = [ 1884.263670 1287.362548 322.621909 ];
b_ = [ 13.602254 687.380497 1111.748563 ];
c_ = [ 307.145640 193.564569 56.382038 ];
