solve_message = 'Locally optimal solution';
solve_return =     0;
ml = -395902.657033;
beta = 0.950000;
theta = 0.200000;
VoT_ = 60.000000;
Um_ = [ 3673.469202 2546.417417 2020.176931 ];
b_ = [ 0.000743 839.428532 1138.671526 ];
c_ = [ 327.872698 177.901894 210.637656 ];
