ml = -2091.837242;
VoT_ = 60.000000;
Um_ = [ 2644.470329 2686.196768 1757.200112 ];
b_ = [ 59.315639 869.999017 1125.284623 ];
c_ = [ 327.087375 205.763937 240.557044 ];
grad = [ 143.401065 174.212336 45.032822 305.459961 -149.753644 191.149539 -706.525100 -1194.233259 -248.829970 ];
Hess = [ 
-0.000551 0.000000 0.000000 -0.004201 0.000000 0.000000 -0.001471 0.000000 0.000000 
0.000000 -0.002683 0.000000 0.000000 -0.034861 0.000000 0.000000 -0.003742 0.000000 
0.000000 0.000000 -0.004318 0.000000 0.000000 -0.028575 0.000000 0.000000 0.013234 
-0.004201 0.000000 0.000000 -0.032046 0.000000 0.000000 -0.011207 0.000000 0.000000 
0.000000 -0.034861 0.000000 0.000000 -0.449353 0.000000 0.000000 -0.046204 0.000000 
0.000000 0.000000 -0.028575 0.000000 0.000000 -0.189229 0.000000 0.000000 0.087307 
-0.001471 0.000000 0.000000 -0.011207 0.000000 0.000000 -0.003947 0.000000 0.000000 
0.000000 -0.003742 0.000000 0.000000 -0.046204 0.000000 0.000000 -0.007846 0.000000 
0.000000 0.000000 0.013234 0.000000 0.000000 0.087307 0.000000 0.000000 -0.041139 
];
