ml = -2098.023953;
VoT_ = 60.000000;
Um_ = [ 2219.331710 2521.438745 1361.669415 ];
b_ = [ 83.325295 853.372784 1127.542971 ];
c_ = [ 284.257946 157.136297 224.065009 ];
grad = [ 158.579955 198.598212 47.761282 240.406081 -78.567874 172.360730 -702.080501 -1333.154976 -214.498684 ];
Hess = [ 
-0.000571 0.000000 0.000000 -0.004072 0.000000 0.000000 -0.001806 0.000000 0.000000 
0.000000 -0.675386 0.000000 0.000000 5.398750 0.000000 0.000000 8.040815 0.000000 
0.000000 0.000000 -0.004704 0.000000 0.000000 -0.026466 0.000000 0.000000 0.010668 
-0.004072 0.000000 0.000000 -0.029119 0.000000 0.000000 -0.012826 0.000000 0.000000 
0.000000 5.398750 0.000000 0.000000 -65.228727 0.000000 0.000000 -50.616760 0.000000 
0.000000 0.000000 -0.026466 0.000000 0.000000 -0.148741 0.000000 0.000000 0.059724 
-0.001806 0.000000 0.000000 -0.012826 0.000000 0.000000 -0.005666 0.000000 0.000000 
0.000000 8.040815 0.000000 0.000000 -50.616760 0.000000 0.000000 -108.624207 0.000000 
0.000000 0.000000 0.010668 0.000000 0.000000 0.059724 0.000000 0.000000 -0.024960 
];
