beta = 0.950000;
theta = 1.000000;
VoT = 60.000000;
Um = [ 2000.000000 2500.000000 1200.000000 ];
b = [ 60.000000 840.000000 1080.000000 ];
c = [ 240.000000 180.000000 120.000000 ];
