Pr = zeros(288, 3, 3);
Pr(:, 1, :) = [
 1.0000000	 0.0000000	 0.0000000	
 1.0000000	 0.0000000	 0.0000000	
 1.0000000	 0.0000000	 0.0000000	
 1.0000000	 0.0000000	 0.0000000	
 1.0000000	 0.0000000	 0.0000000	
 1.0000000	 0.0000000	 0.0000000	
 1.0000000	 0.0000000	 0.0000000	
 1.0000000	 0.0000000	 0.0000000	
 1.0000000	 0.0000000	 0.0000000	
 1.0000000	 0.0000000	 0.0000000	
 1.0000000	 0.0000000	 0.0000000	
 1.0000000	 0.0000000	 0.0000000	
 1.0000000	 0.0000000	 0.0000000	
 1.0000000	 0.0000000	 0.0000000	
 1.0000000	 0.0000000	 0.0000000	
 1.0000000	 0.0000000	 0.0000000	
 1.0000000	 0.0000000	 0.0000000	
 1.0000000	 0.0000000	 0.0000000	
 1.0000000	 0.0000000	 0.0000000	
 1.0000000	 0.0000000	 0.0000000	
 1.0000000	 0.0000000	 0.0000000	
 1.0000000	 0.0000000	 0.0000000	
 1.0000000	 0.0000000	 0.0000000	
 1.0000000	 0.0000000	 0.0000000	
 1.0000000	 0.0000000	 0.0000000	
 1.0000000	 0.0000000	 0.0000000	
 1.0000000	 0.0000000	 0.0000000	
 1.0000000	 0.0000000	 0.0000000	
 1.0000000	 0.0000000	 0.0000000	
 1.0000000	 0.0000000	 0.0000000	
 1.0000000	 0.0000000	 0.0000000	
 1.0000000	 0.0000000	 0.0000000	
 1.0000000	 0.0000000	 0.0000000	
 1.0000000	 0.0000000	 0.0000000	
 1.0000000	 0.0000000	 0.0000000	
 1.0000000	 0.0000000	 0.0000000	
 1.0000000	 0.0000000	 0.0000000	
 1.0000000	 0.0000000	 0.0000000	
 1.0000000	 0.0000000	 0.0000000	
 1.0000000	 0.0000000	 0.0000000	
 1.0000000	 0.0000000	 0.0000000	
 1.0000000	 0.0000000	 0.0000000	
 1.0000000	 0.0000000	 0.0000000	
 1.0000000	 0.0000000	 0.0000000	
 1.0000000	 0.0000000	 0.0000000	
 1.0000000	 0.0000000	 0.0000000	
 1.0000000	 0.0000000	 0.0000000	
 1.0000000	 0.0000000	 0.0000000	
 1.0000000	 0.0000000	 0.0000000	
 1.0000000	 0.0000000	 0.0000000	
 1.0000000	 0.0000000	 0.0000000	
 1.0000000	 0.0000000	 0.0000000	
 1.0000000	 0.0000000	 0.0000000	
 1.0000000	 0.0000000	 0.0000000	
 1.0000000	 0.0000000	 0.0000000	
 1.0000000	 0.0000000	 0.0000000	
 1.0000000	 0.0000000	 0.0000000	
 1.0000000	 0.0000000	 0.0000000	
 1.0000000	 0.0000000	 0.0000000	
 1.0000000	 0.0000000	 0.0000000	
 1.0000000	 0.0000000	 0.0000000	
 1.0000000	 0.0000000	 0.0000000	
 1.0000000	 0.0000000	 0.0000000	
 1.0000000	 0.0000000	 0.0000000	
 1.0000000	 0.0000000	 0.0000000	
 1.0000000	 0.0000000	 0.0000000	
 1.0000000	 0.0000000	 0.0000000	
 1.0000000	 0.0000000	 0.0000000	
 1.0000000	 0.0000000	 0.0000000	
 1.0000000	 0.0000000	 0.0000000	
 1.0000000	 0.0000000	 0.0000000	
 1.0000000	 0.0000000	 0.0000000	
 1.0000000	 0.0000000	 0.0000000	
 1.0000000	 0.0000000	 0.0000000	
 1.0000000	 0.0000000	 0.0000000	
 1.0000000	 0.0000000	 0.0000000	
 1.0000000	 0.0000000	 0.0000000	
 1.0000000	 0.0000000	 0.0000000	
 1.0000000	 0.0000000	 0.0000000	
 1.0000000	 0.0000000	 0.0000000	
 1.0000000	 0.0000000	 0.0000000	
 1.0000000	 0.0000000	 0.0000000	
 1.0000000	 0.0000000	 0.0000000	
 1.0000000	 0.0000000	 0.0000000	
 1.0000000	 0.0000000	 0.0000000	
 0.9999998	 0.0000002	 0.0000000	
 0.9999986	 0.0000014	 0.0000000	
 0.9999895	 0.0000105	 0.0000000	
 0.9999344	 0.0000656	 0.0000000	
 0.9996540	 0.0003460	 0.0000000	
 0.9984709	 0.0015291	 0.0000000	
 0.9943905	 0.0056095	 0.0000000	
 0.9830358	 0.0169644	 0.0000000	
 0.9577847	 0.0422158	 0.0000000	
 0.9129572	 0.0870438	 0.0000000	
 0.8487143	 0.1512868	 0.0000000	
 0.7727648	 0.2272357	 0.0000000	
 0.6970170	 0.3029831	 0.0000000	
 0.6324921	 0.3675079	 0.0000000	
 0.5472858	 0.4527142	 0.0000000	
 0.4662510	 0.5337490	 0.0000000	
 0.3910951	 0.6089049	 0.0000000	
 0.3232114	 0.6767886	 0.0000000	
 0.2635983	 0.7364017	 0.0000000	
 0.2126043	 0.7873957	 0.0000000	
 0.1699140	 0.8300860	 0.0000000	
 0.1347553	 0.8652447	 0.0000000	
 0.1061495	 0.8938505	 0.0000000	
 0.0830926	 0.9169074	 0.0000000	
 0.0646517	 0.9353483	 0.0000000	
 0.0500040	 0.9499960	 0.0000000	
 0.0384346	 0.9615654	 0.0000000	
 0.0290833	 0.9709167	 0.0000000	
 0.0116799	 0.9883201	 0.0000000	
 0.0181851	 0.9818149	 0.0000000	
 0.0137409	 0.9862591	 0.0000000	
 0.0103173	 0.9896827	 0.0000000	
 0.0076965	 0.9923035	 0.0000000	
 0.0057035	 0.9942965	 0.0000000	
 0.0041980	 0.9958020	 0.0000000	
 0.0030686	 0.9969314	 0.0000000	
 0.0022273	 0.9977727	 0.0000000	
 0.0016051	 0.9983949	 0.0000000	
 0.0011484	 0.9988516	 0.0000000	
 0.0008157	 0.9991843	 0.0000000	
 0.0005751	 0.9994249	 0.0000000	
 0.0004026	 0.9995974	 0.0000000	
 0.0002798	 0.9997202	 0.0000000	
 0.0001931	 0.9998069	 0.0000000	
 0.0005058	 0.9994942	 0.0000000	
 0.0001095	 0.9998905	 0.0000000	
 0.0000746	 0.9999254	 0.0000000	
 0.0000505	 0.9999495	 0.0000000	
 0.0000340	 0.9999660	 0.0000000	
 0.0000228	 0.9999772	 0.0000000	
 0.0000152	 0.9999848	 0.0000000	
 0.0000101	 0.9999899	 0.0000000	
 0.0000066	 0.9999934	 0.0000000	
 0.0000044	 0.9999956	 0.0000000	
 0.0000029	 0.9999971	 0.0000000	
 0.0000019	 0.9999981	 0.0000000	
 0.0000013	 0.9999987	 0.0000000	
 0.0000008	 0.9999992	 0.0000000	
 0.0000005	 0.9999995	 0.0000000	
 0.0000002	 0.9999998	 0.0000000	
 0.0000001	 0.9999999	 0.0000000	
 0.0000001	 0.9999999	 0.0000000	
 0.0000001	 0.9999999	 0.0000000	
 0.0000000	 1.0000000	 0.0000000	
 0.0000000	 1.0000000	 0.0000000	
 0.0000000	 1.0000000	 0.0000000	
 0.0000000	 1.0000000	 0.0000000	
 0.0000000	 1.0000000	 0.0000000	
 0.0000000	 1.0000000	 0.0000000	
 0.0000000	 1.0000000	 0.0000000	
 0.0000000	 1.0000000	 0.0000000	
 0.0000000	 1.0000000	 0.0000000	
 0.0000000	 1.0000000	 0.0000000	
 0.0000000	 1.0000000	 0.0000000	
 0.0000000	 1.0000000	 0.0000000	
 0.0000000	 1.0000000	 0.0000000	
 0.0000000	 1.0000000	 0.0000000	
 0.0000000	 1.0000000	 0.0000000	
 0.0000000	 1.0000000	 0.0000000	
 0.0000000	 1.0000000	 0.0000000	
 0.0000000	 1.0000000	 0.0000000	
 0.0000000	 1.0000000	 0.0000000	
 0.0000000	 1.0000000	 0.0000000	
 0.0000000	 1.0000000	 0.0000000	
 0.0000000	 1.0000000	 0.0000000	
 0.0000000	 1.0000000	 0.0000000	
 0.0000000	 1.0000000	 0.0000000	
 0.0000000	 1.0000000	 0.0000000	
 0.0000001	 0.9999999	 0.0000000	
 0.0000001	 0.9999999	 0.0000000	
 0.0000001	 0.9999999	 0.0000000	
 0.0000002	 0.9999998	 0.0000000	
 0.0000003	 0.9999997	 0.0000000	
 0.0000004	 0.9999996	 0.0000000	
 0.0000006	 0.9999994	 0.0000000	
 0.0000009	 0.9999991	 0.0000000	
 0.0000013	 0.9999987	 0.0000000	
 0.0000020	 0.9999980	 0.0000000	
 0.0000030	 0.9999970	 0.0000000	
 0.0000044	 0.9999956	 0.0000000	
 0.0000067	 0.9999933	 0.0000000	
 0.0000100	 0.9999900	 0.0000000	
 0.0000148	 0.9999852	 0.0000000	
 0.0000220	 0.9999780	 0.0000000	
 0.0000323	 0.9999677	 0.0000000	
 0.0000473	 0.9999527	 0.0000000	
 0.0000690	 0.9999265	 0.0000046	
 0.0002070	 0.9972195	 0.0025735	
 0.0202013	 0.4675369	 0.5122618	
 0.0341126	 0.0027599	 0.9631275	
 0.0308765	 0.0000116	 0.9691118	
 0.0272525	 0.0000001	 0.9727474	
 0.0010455	 0.0000000	 0.9989545	
 0.0230175	 0.0000000	 0.9769825	
 0.0207722	 0.0000000	 0.9792278	
 0.0187640	 0.0000000	 0.9812360	
 0.0169730	 0.0000000	 0.9830270	
 0.0153806	 0.0000000	 0.9846194	
 0.0139673	 0.0000000	 0.9860327	
 0.0125829	 0.0000000	 0.9874171	
 0.0002059	 0.0000000	 0.9997941	
 0.0109641	 0.0000000	 0.9890359	
 0.0101405	 0.0000000	 0.9898595	
 0.0094295	 0.0000000	 0.9905705	
 0.0087527	 0.0000000	 0.9912473	
 0.0000842	 0.0000000	 0.9999158	
 0.0083731	 0.0000000	 0.9916269	
 0.0080629	 0.0000000	 0.9919371	
 0.0078327	 0.0000000	 0.9921673	
 0.0076799	 0.0000000	 0.9923201	
 0.0076035	 0.0000000	 0.9923965	
 0.0076044	 0.0000000	 0.9923956	
 0.0076852	 0.0000000	 0.9923148	
 0.0078516	 0.0000000	 0.9921484	
 0.0082044	 0.0000000	 0.9917956	
 0.0204992	 0.0000000	 0.9795008	
 0.6065903	 0.0000000	 0.3934097	
 0.0081417	 0.0000000	 0.9918583	
 0.0087102	 0.0000000	 0.9912898	
 0.0095826	 0.0000000	 0.9904174	
 0.0276246	 0.0000000	 0.9723754	
 0.6486622	 0.0000000	 0.3513378	
 0.0104506	 0.0000000	 0.9895494	
 0.0117045	 0.0000000	 0.9882955	
 0.0132489	 0.0000000	 0.9867511	
 0.0151531	 0.0000000	 0.9848469	
 0.0175246	 0.0000000	 0.9824754	
 0.0216128	 0.0000000	 0.9783872	
 0.0808746	 0.0000000	 0.9191254	
