Pr = zeros(288, 3, 3);
Pr(:, 1, :) = [
 1.0000000	 0.0000000	 0.0000000	
 1.0000000	 0.0000000	 0.0000000	
 1.0000000	 0.0000000	 0.0000000	
 1.0000000	 0.0000000	 0.0000000	
 1.0000000	 0.0000000	 0.0000000	
 1.0000000	 0.0000000	 0.0000000	
 1.0000000	 0.0000000	 0.0000000	
 1.0000000	 0.0000000	 0.0000000	
 1.0000000	 0.0000000	 0.0000000	
 1.0000000	 0.0000000	 0.0000000	
 1.0000000	 0.0000000	 0.0000000	
 1.0000000	 0.0000000	 0.0000000	
 1.0000000	 0.0000000	 0.0000000	
 1.0000000	 0.0000000	 0.0000000	
 1.0000000	 0.0000000	 0.0000000	
 1.0000000	 0.0000000	 0.0000000	
 1.0000000	 0.0000000	 0.0000000	
 1.0000000	 0.0000000	 0.0000000	
 1.0000000	 0.0000000	 0.0000000	
 1.0000000	 0.0000000	 0.0000000	
 1.0000000	 0.0000000	 0.0000000	
 1.0000000	 0.0000000	 0.0000000	
 1.0000000	 0.0000000	 0.0000000	
 1.0000000	 0.0000000	 0.0000000	
 1.0000000	 0.0000000	 0.0000000	
 1.0000000	 0.0000000	 0.0000000	
 1.0000000	 0.0000000	 0.0000000	
 1.0000000	 0.0000000	 0.0000000	
 1.0000000	 0.0000000	 0.0000000	
 1.0000000	 0.0000000	 0.0000000	
 1.0000000	 0.0000000	 0.0000000	
 1.0000000	 0.0000000	 0.0000000	
 1.0000000	 0.0000000	 0.0000000	
 1.0000000	 0.0000000	 0.0000000	
 1.0000000	 0.0000000	 0.0000000	
 1.0000000	 0.0000000	 0.0000000	
 1.0000000	 0.0000000	 0.0000000	
 1.0000000	 0.0000000	 0.0000000	
 1.0000000	 0.0000000	 0.0000000	
 1.0000000	 0.0000000	 0.0000000	
 1.0000000	 0.0000000	 0.0000000	
 1.0000000	 0.0000000	 0.0000000	
 1.0000000	 0.0000000	 0.0000000	
 1.0000000	 0.0000000	 0.0000000	
 1.0000000	 0.0000000	 0.0000000	
 1.0000000	 0.0000000	 0.0000000	
 1.0000000	 0.0000000	 0.0000000	
 1.0000000	 0.0000000	 0.0000000	
 1.0000000	 0.0000000	 0.0000000	
 1.0000000	 0.0000000	 0.0000000	
 1.0000000	 0.0000000	 0.0000000	
 1.0000000	 0.0000000	 0.0000000	
 1.0000000	 0.0000000	 0.0000000	
 1.0000000	 0.0000000	 0.0000000	
 1.0000000	 0.0000000	 0.0000000	
 1.0000000	 0.0000000	 0.0000000	
 1.0000000	 0.0000000	 0.0000000	
 1.0000000	 0.0000000	 0.0000000	
 1.0000000	 0.0000000	 0.0000000	
 1.0000000	 0.0000000	 0.0000000	
 1.0000000	 0.0000000	 0.0000000	
 1.0000000	 0.0000000	 0.0000000	
 1.0000000	 0.0000000	 0.0000000	
 1.0000000	 0.0000000	 0.0000000	
 1.0000000	 0.0000000	 0.0000000	
 1.0000000	 0.0000000	 0.0000000	
 1.0000000	 0.0000000	 0.0000000	
 1.0000000	 0.0000000	 0.0000000	
 1.0000000	 0.0000000	 0.0000000	
 1.0000000	 0.0000000	 0.0000000	
 1.0000000	 0.0000000	 0.0000000	
 1.0000000	 0.0000000	 0.0000000	
 1.0000000	 0.0000000	 0.0000000	
 1.0000000	 0.0000000	 0.0000000	
 1.0000000	 0.0000000	 0.0000000	
 1.0000000	 0.0000000	 0.0000000	
 1.0000000	 0.0000000	 0.0000000	
 1.0000000	 0.0000000	 0.0000000	
 1.0000000	 0.0000000	 0.0000000	
 1.0000000	 0.0000000	 0.0000000	
 1.0000000	 0.0000000	 0.0000000	
 1.0000000	 0.0000000	 0.0000000	
 1.0000000	 0.0000000	 0.0000000	
 1.0000000	 0.0000000	 0.0000000	
 1.0000000	 0.0000000	 0.0000000	
 1.0000000	 0.0000000	 0.0000000	
 1.0000000	 0.0000000	 0.0000000	
 1.0000000	 0.0000000	 0.0000000	
 0.9999998	 0.0000002	 0.0000000	
 0.9999988	 0.0000012	 0.0000000	
 0.9999929	 0.0000071	 0.0000000	
 0.9999633	 0.0000367	 0.0000000	
 0.9998316	 0.0001684	 0.0000000	
 0.9993205	 0.0006795	 0.0000000	
 0.9976043	 0.0023957	 0.0000000	
 0.9926719	 0.0073281	 0.0000000	
 0.9806581	 0.0193419	 0.0000000	
 0.9560229	 0.0439771	 0.0000000	
 0.9134892	 0.0865108	 0.0000000	
 0.8510460	 0.1489540	 0.0000000	
 0.7715677	 0.2284323	 0.0000000	
 0.6816033	 0.3183967	 0.0000000	
 0.5886215	 0.4113785	 0.0000000	
 0.4988067	 0.5011933	 0.0000000	
 0.4162173	 0.5837827	 0.0000000	
 0.3429317	 0.6570683	 0.0000000	
 0.2795778	 0.7204222	 0.0000000	
 0.2258705	 0.7741295	 0.0000000	
 0.1810241	 0.8189759	 0.0000000	
 0.1440281	 0.8559719	 0.0000000	
 0.1138151	 0.8861849	 0.0000000	
 0.0893564	 0.9106436	 0.0000000	
 0.0697111	 0.9302889	 0.0000000	
 0.0540461	 0.9459539	 0.0000000	
 0.0416410	 0.9583590	 0.0000000	
 0.0318829	 0.9681171	 0.0000000	
 0.0242575	 0.9757425	 0.0000000	
 0.0183377	 0.9816623	 0.0000000	
 0.0137724	 0.9862276	 0.0000000	
 0.0102752	 0.9897248	 0.0000000	
 0.0076144	 0.9923856	 0.0000000	
 0.0056040	 0.9943960	 0.0000000	
 0.0040957	 0.9959043	 0.0000000	
 0.0029723	 0.9970277	 0.0000000	
 0.0021418	 0.9978582	 0.0000000	
 0.0015322	 0.9984678	 0.0000000	
 0.0010883	 0.9989117	 0.0000000	
 0.0007675	 0.9992325	 0.0000000	
 0.0005375	 0.9994625	 0.0000000	
 0.0003738	 0.9996262	 0.0000000	
 0.0002581	 0.9997419	 0.0000000	
 0.0001771	 0.9998229	 0.0000000	
 0.0001208	 0.9998792	 0.0000000	
 0.0000819	 0.9999181	 0.0000000	
 0.0000552	 0.9999448	 0.0000000	
 0.0000371	 0.9999629	 0.0000000	
 0.0000248	 0.9999752	 0.0000000	
 0.0000165	 0.9999835	 0.0000000	
 0.0000110	 0.9999890	 0.0000000	
 0.0000073	 0.9999927	 0.0000000	
 0.0000048	 0.9999952	 0.0000000	
 0.0000032	 0.9999968	 0.0000000	
 0.0000021	 0.9999979	 0.0000000	
 0.0000014	 0.9999986	 0.0000000	
 0.0000004	 0.9999996	 0.0000000	
 0.0000003	 0.9999997	 0.0000000	
 0.0000002	 0.9999998	 0.0000000	
 0.0000001	 0.9999999	 0.0000000	
 0.0000001	 0.9999999	 0.0000000	
 0.0000001	 0.9999999	 0.0000000	
 0.0000001	 0.9999999	 0.0000000	
 0.0000000	 1.0000000	 0.0000000	
 0.0000000	 1.0000000	 0.0000000	
 0.0000000	 1.0000000	 0.0000000	
 0.0000000	 1.0000000	 0.0000000	
 0.0000000	 1.0000000	 0.0000000	
 0.0000000	 1.0000000	 0.0000000	
 0.0000000	 1.0000000	 0.0000000	
 0.0000000	 1.0000000	 0.0000000	
 0.0000000	 1.0000000	 0.0000000	
 0.0000000	 1.0000000	 0.0000000	
 0.0000000	 1.0000000	 0.0000000	
 0.0000000	 1.0000000	 0.0000000	
 0.0000000	 1.0000000	 0.0000000	
 0.0000000	 1.0000000	 0.0000000	
 0.0000000	 1.0000000	 0.0000000	
 0.0000000	 1.0000000	 0.0000000	
 0.0000000	 1.0000000	 0.0000000	
 0.0000000	 1.0000000	 0.0000000	
 0.0000000	 1.0000000	 0.0000000	
 0.0000001	 0.9999999	 0.0000000	
 0.0000001	 0.9999999	 0.0000000	
 0.0000001	 0.9999999	 0.0000000	
 0.0000002	 0.9999998	 0.0000000	
 0.0000002	 0.9999998	 0.0000000	
 0.0000003	 0.9999997	 0.0000000	
 0.0000005	 0.9999995	 0.0000000	
 0.0000007	 0.9999993	 0.0000000	
 0.0000010	 0.9999990	 0.0000000	
 0.0000015	 0.9999985	 0.0000000	
 0.0000022	 0.9999978	 0.0000000	
 0.0000033	 0.9999967	 0.0000000	
 0.0000049	 0.9999951	 0.0000000	
 0.0000074	 0.9999926	 0.0000000	
 0.0000110	 0.9999890	 0.0000000	
 0.0000164	 0.9999836	 0.0000000	
 0.0000244	 0.9999756	 0.0000000	
 0.0000360	 0.9999640	 0.0000000	
 0.0000529	 0.9999471	 0.0000000	
 0.0000773	 0.9999227	 0.0000000	
 0.0001123	 0.9998877	 0.0000000	
 0.0001621	 0.9998379	 0.0000000	
 0.0002324	 0.9997674	 0.0000001	
 0.0003318	 0.9996467	 0.0000215	
 0.0006023	 0.9966079	 0.0027898	
 0.0115358	 0.7632473	 0.2252169	
 0.0410961	 0.0367914	 0.9221125	
 0.0385748	 0.0005625	 0.9608627	
 0.0349300	 0.0000104	 0.9650597	
 0.0316205	 0.0000002	 0.9683792	
 0.0286413	 0.0000000	 0.9713587	
 0.0259676	 0.0000000	 0.9740324	
 0.0235755	 0.0000000	 0.9764245	
 0.0214420	 0.0000000	 0.9785580	
 0.0195453	 0.0000000	 0.9804547	
 0.0178648	 0.0000000	 0.9821352	
 0.0163814	 0.0000000	 0.9836186	
 0.0150775	 0.0000000	 0.9849225	
 0.0139370	 0.0000000	 0.9860630	
 0.0129453	 0.0000000	 0.9870547	
 0.0120893	 0.0000000	 0.9879107	
 0.0113576	 0.0000000	 0.9886424	
 0.0107402	 0.0000000	 0.9892598	
 0.0102289	 0.0000000	 0.9897711	
 0.0098169	 0.0000000	 0.9901831	
 0.0094991	 0.0000000	 0.9905009	
 0.0092719	 0.0000000	 0.9907281	
 0.0091336	 0.0000000	 0.9908664	
 0.0090844	 0.0000000	 0.9909156	
 0.0091264	 0.0000000	 0.9908736	
 0.0092641	 0.0000000	 0.9907359	
 0.0095046	 0.0000000	 0.9904954	
 0.0098580	 0.0000000	 0.9901420	
 0.0103383	 0.0000000	 0.9896617	
 0.0109636	 0.0000000	 0.9890364	
 0.0117579	 0.0000000	 0.9882421	
 0.0127514	 0.0000000	 0.9872486	
 0.0139834	 0.0000000	 0.9860166	
 0.0155033	 0.0000000	 0.9844967	
 0.0173745	 0.0000000	 0.9826255	
 0.0196773	 0.0000000	 0.9803227	
 0.0225143	 0.0000000	 0.9774857	
 0.0260165	 0.0000000	 0.9739835	
 0.0303516	 0.0000000	 0.9696484	
